-555	-146	-190	77	-407	247	-181	-586	235	400	298.3524988
-533	-510	183	-278	-265	408	535	-161	-552	598	467.5268976
-76	-311	554	-34	-511	209	331	192	-120	-562	299.0103967
205	155	-92	441	-267	-247	139	-48	61	-508	172.1770719
540	8	223	-593	90	-280	-218	-559	-389	-484	382.2446633
171	-110	-576	570	-499	-151	367	-214	549	406	405.1353249
408	-542	-305	383	480	98	-412	-487	196	215	358.8747657
-466	-84	124	58	419	552	509	-73	525	-566	396.9048937
-345	-316	120	-255	185	-109	-32	479	123	467	203.0240219
146	190	422	517	-63	549	-154	591	95	551	374.4497672
-214	-150	-509	377	-575	457	278	-556	521	271	436.0717522
542	360	16	398	197	-362	41	408	555	59	308.8820296
-129	-494	-516	495	469	486	426	-136	-316	-344	412.5697608
-388	80	-231	-267	-569	-446	313	-212	380	-538	346.2569995
326	-130	-199	-69	-204	-403	-404	-179	-451	111	196.635501
-284	-406	545	512	-276	414	-593	422	447	-440	494.8134456
-318	-453	204	138	-591	458	511	267	268	-590	420.5873144
-593	-279	-470	-168	35	-530	-345	274	-40	-518	357.1910784
-398	516	-7	140	509	-283	-107	406	286	135	265.9657146
-5	-413	255	-121	557	405	29	477	296	441	309.75061
-197	-17	153	465	-353	-502	336	-271	-85	-58	214.0677203
-104	10	71	-17	-136	-442	46	-481	273	-503	198.6929341
-374	-345	265	548	322	449	134	403	228	248	308.142408
-400	287	318	44	30	140	555	413	548	-597	376.2986877
244	376	136	565	-100	-525	-294	-244	-103	417	289.688109
160	-261	286	-296	576	348	-414	-480	-102	-255	299.3096822
215	-10	432	515	-411	-564	-284	530	-126	-248	357.0353173
-323	-166	2	336	-178	-580	-312	5	-443	-573	309.7038198
-30	-266	-285	-37	-49	402	399	-564	488	298	281.6103438
-51	306	369	79	-297	229	-554	-226	430	-77	233.0258609
547	-402	421	381	241	-506	145	-303	-79	193	314.4142697
106	-168	1	376	-573	448	269	543	-485	-590	416.1131478
418	-151	492	-113	-453	266	-294	-553	107	-1	284.0304325
-396	-441	266	-577	-431	-12	2	230	420	-43	294.0125106
307	410	-9	-300	-68	-213	-97	-378	487	-408	240.5892942
37	530	551	-57	-575	425	-332	-110	378	-293	363.8565001
-554	358	-221	59	319	373	-511	511	339	-9	342.3876244
-337	432	203	423	54	-550	59	335	380	-542	345.9042383
391	471	73	-286	252	-105	171	-473	520	391	304.1567473
-465	-114	461	-92	-590	-317	-178	260	-436	-56	298.8007292
339	596	-531	-583	-88	-99	-195	-366	41	-385	358.8481442
1	84	273	364	398	-520	-564	164	305	303	294.1769399
-65	127	155	387	-484	396	87	-465	-118	-592	294.305864
-134	385	430	556	582	-405	-88	24	397	393	371.8383094
-200	-205	166	-283	-315	173	564	-166	-462	-147	225.8768489
543	104	83	225	-19	580	374	-441	8	-23	259.7222667
-435	-354	-498	508	-23	562	-26	551	88	-545	437.5053392
-222	-237	-541	362	-159	-32	443	510	-208	-554	341.5030557
-263	408	584	-395	30	588	467	399	-545	499	501.6720911
-519	-581	139	-505	-51	485	196	417	-170	-230	354.2992899
534	-210	133	-338	-442	386	495	360	584	388	418.8819633
525	-92	-357	-546	396	-205	330	-570	299	-73	360.2482653
118	-329	58	-385	-5	200	-574	383	180	83	208.3068179
-106	-521	-428	120	-162	156	-594	519	89	320	316.8453612
-554	-589	402	411	251	-78	383	179	-453	58	361.1876157
289	384	-542	0	11	194	254	-573	-274	-340	287.4077399
-240	362	492	207	412	-281	-107	402	-590	306	335.2628694
-220	345	543	-443	-125	222	-187	-316	78	240	231.4832312
-320	579	397	181	242	234	-189	599	415	510	393.0440219
237	346	-309	349	113	-217	-119	575	589	-522	355.3035524
46	522	-357	-150	-310	52	99	-562	-433	-6	260.1308205
383	33	-7	227	196	141	-92	117	-269	-282	108.8858225
159	173	84	481	-139	306	-431	-401	-446	-236	252.9366507
-457	280	-59	87	558	427	-298	-454	-392	232	324.6027881
238	-350	-419	-52	254	543	-511	-206	440	365	337.7889381
-578	42	436	461	294	-429	17	281	348	592	391.1006413
168	293	139	0	416	131	442	-351	295	-450	233.9252192
197	554	-482	93	61	328	-27	-269	-141	372	233.3394947
-203	-597	210	-366	292	553	-216	416	597	-399	426.5205953
310	124	-356	-176	-488	333	570	-249	237	-320	291.9237142
-21	8	-445	-431	267	-30	303	52	-308	276	181.5079539
416	336	425	216	-274	552	-584	551	-113	517	455.4336015
-17	-135	236	-336	-127	-175	-412	-549	244	171	199.4449817
418	-314	-82	425	568	-556	376	-211	-279	-382	376.5226359
521	-540	321	287	311	298	-120	-238	365	-307	309.1235108
60	43	208	-80	-77	239	-234	-422	-451	255	155.8316952
101	-334	-272	8	-599	385	-429	-187	479	-267	306.6427286
374	-316	484	-254	-475	-460	501	499	208	203	391.050762
-364	-418	207	223	-215	-421	-107	295	-444	397	270.1252492
172	211	505	97	-549	-305	546	-327	345	-340	344.1670957
-3	-200	270	-32	-574	150	-238	503	23	-581	279.4137339
216	587	-38	176	555	211	282	-208	34	348	256.2998498
419	-405	179	-96	-37	77	50	365	181	392	178.572813
-58	-222	-73	-39	-216	189	-175	-588	-246	475	202.0959496
-584	-489	160	42	330	441	205	311	-95	415	308.7280558
-159	-238	-523	105	-592	14	555	-175	-511	115	333.5354982
411	-531	435	282	-198	-149	-530	95	-12	-430	315.0011292
-133	-188	550	141	299	-231	-161	-151	268	-427	206.2235179
-512	99	62	-499	-581	-341	504	492	422	-423	458.9312474
-203	-338	-219	313	288	172	177	452	227	78	177.7892719
91	-177	504	-422	-187	180	-414	375	-499	94	278.2390654
-156	-147	15	451	210	-359	543	-397	-501	-181	290.6942698
165	272	561	-189	-39	27	-156	424	-188	232	187.7936737
206	272	195	-367	239	413	118	-5	437	-383	218.108325
553	-403	-590	390	263	-216	308	-305	-472	-155	380.740053
64	-250	222	-457	481	344	335	-60	-276	-559	295.7245243
116	-428	-108	-345	-188	239	540	-387	40	-4	216.6947789
-256	316	82	-22	319	-436	37	-153	477	-503	243.4430853
-366	-47	320	-433	-371	468	-153	-322	473	-58	285.2261432
-343	-556	-280	286	-261	511	590	-412	-30	225	372.3974978
-5	-598	553	-230	-583	491	454	-134	79	160	389.2954308
597	-552	-496	-386	-366	-188	-87	504	-127	353	407.9378722
326	533	277	330	584	-428	526	-69	-329	-18	373.5422889
-597	-171	-385	350	-399	145	-278	-25	88	-239	245.8440301
-453	-372	-248	294	574	-138	567	456	313	294	389.4777227
159	-267	-411	-575	28	-125	-11	-179	-6	203	172.4830007
36	63	-188	228	-249	-123	-373	288	-5	448	149.1312503
106	-155	129	-419	-363	56	418	389	375	394	247.115041
-448	-593	332	263	-289	499	225	-335	-269	543	399.5763662
345	492	584	20	-184	-439	296	-50	490	-172	323.2305055
523	-457	-528	-118	400	55	533	-207	253	-216	344.927678
125	-15	297	-258	174	553	74	342	139	-325	189.5234849
-388	243	560	224	244	98	122	-71	-179	-478	231.739668
445	-314	-79	456	-41	522	71	362	77	-563	311.9866735
394	254	-510	387	200	-583	7	-305	286	-229	310.19561
357	-401	-478	571	367	-263	-80	55	91	-410	309.1097515
-443	99	184	-528	-543	410	492	-203	302	-110	343.0571922
374	307	-520	-25	-254	61	47	20	48	-207	156.2843939
152	133	-243	-163	295	191	-96	-413	300	-394	169.7329993
-343	-228	343	433	145	-182	342	133	-491	-54	227.9044344
-430	-451	-259	298	537	-477	-346	-324	510	565	467.0294067
387	-208	189	584	464	423	557	-460	505	335	464.2827307
-74	414	-282	-547	339	-66	475	34	-152	-293	253.6541126
35	-219	-462	-467	-91	361	541	-577	-142	-224	329.8192484
-485	-560	174	503	-377	-257	-439	118	450	-137	368.0507521
-308	-371	412	-543	-297	462	-198	551	-52	-131	341.3969752
75	-471	-537	537	-43	503	-518	583	169	-171	432.2527703
-343	520	-205	331	-147	3	333	-566	-210	-319	285.5846213
-353	473	-516	368	248	-290	-271	-346	21	-576	356.2486471
380	30	373	13	-310	-438	97	101	414	276	210.9272289
-284	168	491	-433	330	11	53	58	404	-323	231.0472473
596	336	-61	411	482	-120	479	-76	-337	112	313.2142271
193	-431	135	455	96	581	-379	147	495	-385	339.3834875
-385	-93	69	68	187	354	594	376	36	-331	233.9032585
-441	293	520	-332	83	335	519	-147	18	274	287.6091502
38	-190	-198	-551	59	-132	-341	170	3	-274	156.3787084
-262	-425	500	-379	150	357	-394	-568	-497	-76	381.8801145
414	428	223	552	-440	-172	-273	260	-449	39	320.3620209
-385	-133	316	-57	302	120	364	343	-599	173	254.3746709
422	-201	-572	46	131	356	289	30	-359	-456	279.2301167
-574	282	-402	-387	283	111	108	-489	-543	-146	345.9330419
-72	178	-345	-142	28	193	-131	-120	-11	510	127.4673843
117	599	390	-364	338	14	6	121	457	-351	280.5577441
-231	-586	433	-75	488	-495	-435	277	-310	548	434.8495198
-478	590	-534	-560	-309	-559	-151	-225	-336	-502	506.4168522
557	123	539	-77	167	529	284	114	-461	-29	310.1350324
251	-233	-243	243	8	-341	-247	315	534	132	204.6395558
385	528	-402	210	-557	-554	125	318	-357	584	459.7833913
150	541	-577	-348	420	-151	548	-456	-557	494	508.7351189
-201	-76	219	-94	-578	-447	-164	-258	491	-246	259.0070767
-570	-376	-277	56	424	325	-325	-516	-469	149	362.3971297
-520	-246	448	-300	324	-179	-564	537	-69	92	345.5816987
-203	-500	577	94	-197	-198	504	-348	-566	-270	370.8409161
222	574	108	367	-133	-592	-29	164	475	-48	288.2343353
347	399	-520	448	54	38	-405	-57	155	-34	237.8821416
173	35	-194	-493	413	-283	-141	-310	-119	184	182.6237154
167	-522	-31	533	-139	-253	-460	548	-504	-338	388.18179
-110	-541	274	-268	-385	-369	173	60	-66	231	207.8282509
-465	44	407	-238	-350	-379	495	-577	58	109	325.9484323
-317	568	-97	307	219	317	69	-66	31	-207	183.0319586
-524	-503	534	-45	-145	-337	389	63	-585	479	420.0838477
220	261	353	-415	485	520	465	61	-241	226	313.0152957
520	439	589	-465	-526	-432	-404	108	-450	581	552.127
-125	431	-187	-96	-216	-418	-380	173	-115	88	166.5623178
577	-119	448	-301	-302	480	-556	-305	591	-531	499.3497276
327	490	-437	-446	-591	-407	-250	-234	554	358	452.0483851
99	296	-301	-226	319	-369	-299	-488	224	25	214.8404686
-346	464	-372	535	-485	-372	439	321	315	-115	386.3532578
401	162	323	151	585	576	-340	195	-490	-341	375.537836
-597	455	49	497	504	-149	-118	79	-532	-93	351.2233218
379	-76	-473	-360	-453	11	-540	-4	-396	-349	320.5772901
-484	-151	277	-18	145	250	-74	549	-6	462	235.5081927
333	331	-463	-278	-7	173	401	-303	-500	-491	322.4302272
-442	-188	582	-192	-312	233	-155	-305	289	-72	241.9233232
108	205	28	55	49	-162	-89	-573	-230	343	149.2396327
500	458	511	-210	500	267	-500	-6	23	-33	335.4819548
-180	174	223	240	-361	-511	506	-546	258	-451	347.3902615
182	-575	7	-114	-593	-499	-172	-524	-594	-371	444.0330165
201	-578	257	427	78	-131	-24	-12	122	463	220.0194815
176	-420	401	297	52	443	-334	-508	-376	35	292.8831535
464	-459	323	326	517	-206	28	-209	205	46	259.7580844
-532	78	-88	171	590	-591	46	232	57	524	340.3042772
-590	95	-156	-540	148	-326	-349	-486	159	224	309.6739067
10	-318	548	101	-371	-398	574	-156	445	471	371.3702052
557	95	482	-478	456	-576	415	-538	474	351	533.3351925
-16	-75	-319	-273	52	411	-139	-52	452	-336	174.2556583
335	-46	131	-277	559	208	248	-547	1	393	270.7855686
538	-232	470	6	-137	-110	-7	63	-73	595	240.6267661
522	410	-88	39	145	76	-516	433	-492	91	296.1253853
-203	-387	183	23	336	-491	566	439	-349	-551	380.3628398
67	-37	52	322	-237	-333	-176	-63	330	-298	128.9906933
-515	69	279	-159	159	295	186	-546	-26	-484	264.1938035
-301	-569	306	-424	498	-308	-374	-508	588	231	457.9194918
-145	-515	229	449	-340	-79	-174	130	292	-202	209.844345
-262	-274	319	114	-300	121	168	237	397	-277	171.4620301
268	188	-462	-228	-527	79	374	-237	31	103	217.0454084
-57	-546	367	546	-230	258	165	-588	352	447	388.5792866
-333	355	-487	445	192	562	-144	-484	-467	-214	386.9216532
593	-170	566	121	-564	442	-540	-192	587	-401	516.6962553
292	513	-272	-279	-308	407	21	540	-409	103	308.8045572
-356	17	-113	195	420	-554	-253	280	-12	456	253.9020003
531	411	-471	359	-432	-85	201	293	-284	70	302.8543446
-10	550	-36	425	515	101	162	-408	-402	-422	324.0237424
538	-156	-196	40	-445	-123	21	-73	18	326	170.8293733
-72	-48	-63	-579	262	-127	462	-428	-492	515	334.8474626
-68	-104	-522	-588	-241	-487	574	17	-132	-326	346.5957685
-114	367	-565	-588	-365	-482	-102	455	500	513	478.2120299
-385	-318	-1	151	-113	-57	-265	255	424	562	230.7577027
-233	-340	-277	481	175	-239	579	176	344	-122	267.2573449
-407	-273	546	477	358	-32	480	287	-462	-464	410.1299789
-469	71	483	483	44	137	-228	-226	146	82	211.8463255
-174	-373	436	-495	-527	529	380	-565	189	-268	434.317671
-227	248	-356	-413	-59	469	59	-374	353	-556	303.7695218
358	-104	-578	-11	257	-485	-5	523	478	160	326.5551126
423	-114	-116	-568	74	-26	-319	-22	133	-169	171.663324
-504	211	40	373	13	-323	-543	-262	485	187	295.3628201
57	548	13	-218	-121	-562	258	20	501	537	323.011661
423	-109	-1	533	463	-573	500	480	525	271	462.7849578
326	-233	-134	-403	453	-131	342	407	528	-353	313.3267504
104	-427	150	-439	230	-257	-347	-541	-545	490	370.3680781
584	-144	270	75	-229	321	407	-332	315	44	244.2081866
-288	177	359	-457	-442	339	-182	-258	-463	-453	321.3410672
425	55	-567	-450	108	195	-553	-435	-464	-348	398.1873419
-123	-276	-10	-51	106	-339	497	551	-189	434	249.7251027
373	-468	-160	-280	430	294	152	43	-422	160	241.5312671
294	82	320	138	336	1	368	-120	198	-579	213.9426112
-302	295	65	400	-544	-423	-103	-515	393	457	365.1127621
497	306	-232	484	87	220	-362	587	537	412	405.6165081
-559	227	208	573	-38	-522	-290	3	-100	-485	335.7210634
215	-463	-436	427	-343	-6	-189	41	325	-422	268.9537916
-518	268	-271	-205	-156	-178	-263	177	82	13	155.7275035
324	-431	347	-585	-9	413	370	-497	261	-400	385.0128318
59	517	-281	-451	-310	502	-314	560	157	-175	343.1754709
-133	164	-512	-22	306	-171	524	-495	-542	-75	313.2696017
-152	-67	532	539	158	-289	-193	498	565	522	397.6344224
-121	191	-121	121	561	591	-337	-163	-79	-67	224.8157394
-431	23	237	-501	-598	-586	-85	276	355	37	352.2796468
-586	79	-248	239	-521	-120	-200	-586	-181	-64	294.5891085
272	-118	136	150	525	468	-235	-446	-572	424	347.1635237
-107	387	-127	-362	78	466	-6	22	-303	-27	157.1714013
146	333	-117	407	475	40	-31	-563	-299	579	321.3349779
294	556	-1	558	430	-445	-400	-579	262	-326	441.0057339
-104	-190	-245	-214	-190	-20	150	505	-543	-327	218.1374431
-352	408	303	438	-495	-309	144	-113	-11	377	273.5689773
-220	-46	542	592	274	125	-414	-522	-43	78	310.2830896
282	236	-581	455	89	-163	-195	377	405	-284	285.7780461
-372	387	-377	297	-216	189	393	-354	-281	-158	247.141186
402	348	64	524	77	-229	456	25	-336	-466	290.5944142
186	-363	-46	-497	-382	188	483	157	214	592	313.7319861
453	-125	-371	-352	299	290	301	-402	20	24	228.2652609
382	-5	-415	-444	260	-19	-122	354	-116	364	218.3557552
225	-283	-490	-362	-378	-594	140	-27	-510	427	366.084014
234	-567	291	141	272	162	-80	476	163	181	219.3352362
2	223	518	482	-473	-201	-362	-209	18	-455	300.146865
-140	-574	-511	172	-195	-133	-519	-100	428	99	292.9601502
-135	-553	292	-412	-347	-51	-203	-415	82	-307	255.1211533
-18	553	91	-239	100	252	-349	-470	349	-336	256.6095457
-555	461	230	-252	102	171	493	-113	196	-382	280.187653
-233	161	388	208	-144	382	-153	41	332	-551	220.894016
-159	296	549	-218	424	-479	-578	-499	356	227	409.0996686
265	-317	-125	118	-295	487	432	340	-336	226	248.7432483
-332	135	-341	355	128	-497	505	-447	-46	351	304.5785326
145	198	441	456	1	134	50	5	10	565	201.6123205
568	2	386	349	-452	66	440	-249	-51	136	270.673878
-577	478	-23	484	-191	-423	-591	338	-107	-240	387.0496564
-128	-120	346	-552	593	-199	-52	-502	-584	98	363.9564748
39	327	-517	-34	71	-573	-419	194	511	420	341.2457466
-234	-184	555	362	-267	441	-281	328	565	404	366.60925
-544	518	-393	489	132	319	70	262	554	308	389.0851833
498	-332	-55	384	255	295	198	-370	122	-108	216.8527492
146	344	-191	-514	-404	182	103	417	16	-154	212.2850181
432	543	-316	-494	-97	-58	-97	514	-512	555	421.4778602
-454	221	492	511	328	24	44	331	-55	500	308.7042909
-599	458	-162	-229	286	-21	414	-592	-78	167	322.3290734
-465	-436	-401	-388	94	330	-463	-270	316	524	375.2767199
-366	234	-550	0	-337	358	-68	162	-350	-572	304.3742487
-489	40	-307	-141	15	35	293	272	548	-250	220.7306593
43	-18	552	-183	27	206	-80	-2	302	-312	145.6115934
-534	-69	-509	8	-249	48	-503	-154	590	46	311.0770672
584	195	398	276	-385	-597	-129	-271	27	-183	311.651121
439	-11	237	-54	148	-299	232	-461	31	-326	185.2034898
-66	104	-194	536	-372	256	-206	-37	-34	-197	157.9485084
-120	-240	-164	-187	402	571	230	475	473	232	295.436576
382	-299	-157	-342	38	237	-149	154	-434	133	172.6307067
-93	446	144	-86	175	389	-320	437	306	-94	204.3712753
-312	9	386	-453	-551	271	567	514	500	429	463.1003661
-495	-156	235	-229	146	-501	141	126	-588	-382	295.1939166
235	220	25	454	218	225	-265	329	-443	-359	229.0291983
248	449	-313	-519	-63	-266	462	-303	342	-431	329.2846448
338	-112	374	-498	-11	-332	-586	-471	-349	79	330.5725082
377	374	-360	434	232	-292	-477	-422	584	-387	409.8408279
-559	482	-554	-472	275	-412	585	398	-325	295	504.2873408
483	-132	-359	-454	-18	-552	-349	504	213	-230	342.2068784
-299	-543	-298	565	457	-586	-388	-544	423	-421	537.7938769
543	308	-188	16	-570	-291	-58	-464	404	392	343.6082867
-251	532	-215	-117	78	-472	-59	485	534	-378	326.3882628
341	-347	-591	246	518	492	-560	533	398	549	554.5849109
7	-100	-364	-478	498	-8	33	304	373	-559	292.0216419
-399	-528	279	69	-25	-122	442	537	403	-97	298.9090551
291	-443	-484	-571	316	513	77	15	-260	323	346.5599885
-144	49	387	-528	-72	-290	-579	-504	300	376	341.4152934
254	-14	-313	-30	194	195	-587	378	310	271	225.058966
165	126	224	-5	129	493	379	168	-364	547	240.1400994
290	-531	-284	-576	93	42	-7	-582	22	368	316.8922573
-546	196	13	-70	-536	-433	60	-217	250	52	234.0740038
-142	-274	-416	350	-159	-208	-23	408	-140	226	175.2466879
-401	-300	-589	-273	-598	-562	581	35	-58	593	510.8744924
199	277	-49	-491	-251	-12	6	594	-352	-257	242.4494401
-201	-566	-204	68	451	182	-194	384	-112	-534	282.5777941
493	-465	594	-137	-129	500	-561	-285	-120	251	393.7168647
-400	377	368	116	540	-27	474	-491	-175	299	333.2577038
360	-369	-420	-560	60	64	-593	22	334	-60	308.6866817
-573	-110	-182	107	-9	-426	-319	511	-507	-466	351.9114755
199	-198	-68	-146	-441	-589	-96	527	497	-353	327.1780456
-434	-313	485	-24	-558	-515	533	-93	346	134	383.2804372
500	-497	-451	-305	-451	8	-140	468	585	-532	466.1918681
117	-231	478	-288	-168	113	-175	155	157	-384	162.5660486
-377	150	-95	223	499	-92	-307	-59	-105	-509	213.1082397
-107	-244	68	356	-5	94	497	1	591	52	203.5502534
-333	15	307	-411	-300	518	-272	-437	413	-385	330.0887409
419	-63	-325	484	2	-72	-130	370	-518	542	311.1217911
465	425	-548	-575	343	74	-206	-191	523	290	397.8596827
-210	-19	-421	282	-596	-523	240	-176	-203	11	266.0091442
420	78	-473	-574	-439	-317	-478	-162	261	-184	347.4009984
283	-256	-21	-292	420	2	1	449	-452	568	285.137678
294	310	416	-229	315	-108	552	424	-209	474	318.9404982
396	510	-2	-553	-229	-572	202	-177	-475	534	422.3170322
72	-453	-114	-216	-66	-382	-382	581	262	-150	249.7385072
199	345	-519	-533	180	-386	262	-22	447	566	371.6630661
-551	-59	128	-513	-543	-38	175	116	0	-184	241.2156438
94	-181	-403	540	430	555	-152	290	-140	-260	296.725249
-233	431	565	477	104	-221	-531	472	-533	-417	453.2945133
-180	-460	40	-430	-234	-123	100	-288	59	14	150.2514352
-476	-22	566	295	242	403	312	554	-36	-165	323.0487503
-592	-435	-334	-237	402	-35	338	-97	-322	358	307.4281853
-368	389	-401	-565	-392	564	-228	-16	225	468	391.1147801
439	-108	439	591	200	531	-117	351	-543	233	389.5785288
10	192	2	132	258	-359	-557	-554	-215	94	231.5216183
462	-564	461	-198	-455	403	592	236	347	495	482.0728336
148	129	-514	263	291	-451	314	-313	-8	-63	216.1712783
367	396	-474	440	-513	-340	-503	-595	291	510	511.0950326
-63	405	211	105	314	-216	138	-261	-144	-221	132.3831936
-388	423	486	-159	-315	353	101	5	329	383	270.985067
-179	334	103	-357	-524	-43	151	499	88	31	210.6401357
-231	73	-399	-113	25	280	-1	458	-443	134	184.4279603
-434	455	572	211	-137	62	197	-529	455	-121	333.5290918
-257	154	-415	-386	543	174	575	-289	407	407	371.3886894
274	37	-400	593	336	-26	-436	225	-567	452	368.0534526
560	323	-140	-566	221	113	-480	-27	145	4	268.9162774
205	-213	-251	-442	-447	487	42	63	252	429	260.0037494
-6	450	-42	425	-239	289	-13	209	-426	415	231.7444259
-180	-531	548	295	534	462	153	-569	587	-194	483.4170973
533	-377	-280	324	-491	-349	-191	575	-17	315	360.7688313
513	-179	365	108	-64	467	-600	-505	-594	159	414.8409049
-380	540	207	468	-53	-491	-31	413	537	285	371.7197814
524	336	-540	44	433	-47	-113	366	-371	-101	292.3297737
-511	-74	142	-230	317	-218	512	-305	11	422	256.2622552
-117	-401	446	46	-588	-457	-418	-373	-368	-339	374.5777373
-269	-129	-465	-176	-44	-236	586	-37	-564	274	283.9432951
401	55	-556	-395	-485	-337	436	255	-88	-538	383.5200847
388	156	182	-232	263	504	148	112	348	225	198.7975973
53	-113	-526	221	-91	-26	24	-568	468	45	224.5750208
-214	227	138	-414	-179	-551	-521	-243	-551	-75	316.7831711
549	62	579	-504	-482	-541	491	-148	-23	-492	482.2807992
90	385	-308	174	215	334	-300	262	120	-89	156.0527533
429	15	185	365	570	587	-505	408	-93	-238	377.9917572
-495	-159	594	-367	-104	-407	-548	-509	469	-262	446.5726158
-7	-360	32	-57	233	498	61	221	224	579	219.5471216
-374	-19	-505	238	-320	-47	174	-455	-113	144	207.8469993
-261	-111	109	-484	210	-269	1	-575	-329	-564	301.0093412
37	180	82	-318	-295	72	-101	13	103	7	64.71395458
18	-324	372	523	247	185	-6	67	31	395	194.4884893
124	-489	553	102	550	293	431	-108	-333	118	321.3242484
24	346	-56	-125	466	-280	24	-119	-168	344	149.9765649
444	490	467	293	428	-295	97	273	413	549	392.8255562
-348	450	-76	-19	52	499	-117	435	-596	-285	306.2022543
-363	-20	248	-260	-13	150	347	26	75	334	131.5506982
238	440	494	223	16	362	-365	57	-5	267	221.7741481
-253	-32	-47	244	226	370	-423	438	166	450	229.8939023
98	5	529	-518	329	169	-555	567	-414	317	399.9989849
507	-384	195	565	-291	356	517	485	200	-105	382.6774136
-164	478	-193	291	-100	378	-99	273	83	110	159.3797158
-316	-153	-301	535	-147	170	-320	-546	-295	116	263.8987122
402	81	-286	-206	467	-20	534	-368	352	-309	288.7211688
487	100	-398	-220	-83	116	584	163	-199	238	235.5468761
585	342	-240	462	-157	-500	-197	-401	238	118	319.7666344
457	382	569	-94	-379	431	411	16	504	441	409.6111791
33	-415	-34	306	-35	-459	325	-19	363	490	240.4668998
-526	-210	-457	-117	12	398	59	112	459	-397	272.544258
-256	461	-446	596	316	583	-124	44	264	325	367.1417544
-440	280	-300	416	-277	334	-263	-327	41	-513	292.0722101
12	422	-81	-383	-62	-412	-173	-32	143	486	199.1660656
51	-473	-270	238	-24	-195	-146	319	264	434	194.883017
-286	-75	-259	-359	329	-445	-582	211	-327	158	277.198248
-327	82	255	19	-528	-170	401	-398	-416	443	294.8049118
364	401	-472	-379	460	179	25	484	378	578	404.8032037
-516	478	285	214	517	-241	23	-510	-482	298	383.234447
-594	-487	-188	237	-370	409	-218	-329	148	591	379.164691
-98	519	477	551	368	25	-525	-582	-264	-435	455.8507279
308	-565	-576	161	369	442	-201	-118	137	-474	351.2620535
-459	434	-9	114	-575	555	306	523	405	392	434.9056396
447	-433	-57	-182	244	-235	556	365	76	-516	314.2060124
-232	523	387	-263	-190	85	441	-196	217	336	246.6265386
-58	567	298	-592	-567	-93	-354	-156	201	359	354.2855192
163	-182	541	-267	-301	-451	454	-411	-69	-431	321.8287653
-514	-185	214	78	37	526	230	510	-318	-574	343.9719606
-463	407	-118	364	-351	478	-566	377	-443	110	388.2411476
566	235	174	127	82	-449	312	541	-407	-498	359.4817255
-339	-366	98	598	333	-199	-119	-33	-535	-21	268.1498552
-34	449	263	-1	71	-536	102	481	-600	58	293.3551167
-225	-25	-79	-7	-585	35	297	546	-148	-30	203.5303096
-135	144	146	-417	-194	-173	518	-539	313	-160	247.0370568
-155	398	32	44	-410	-580	-122	295	231	-303	235.2431252
-196	180	-80	404	269	412	-241	-30	-539	-66	210.1062451
-263	160	-431	-475	-81	-268	-219	-206	-41	19	170.2552737
-207	-479	194	312	323	-495	-70	376	-58	-2	227.5672687
524	337	-444	308	176	-503	519	374	517	325	437.5696646
-57	-8	-64	118	251	-364	154	351	-252	-39	108.2216477
21	-227	207	-478	-53	-92	-112	-557	-228	475	234.7439031
-379	592	-478	269	237	231	576	449	337	-292	410.1758126
263	-499	-125	-560	197	265	-201	-396	439	583	372.5767369
-116	66	65	463	-179	501	-338	336	245	115	205.9596283
382	-514	-108	-236	237	-211	270	-420	153	238	227.8821347
-128	463	-353	315	-39	262	288	-310	-576	-266	277.5833272
-284	61	572	-139	105	274	274	-17	524	-414	260.5747029
-189	-433	19	-161	589	-589	-310	-121	177	486	331.4005599
-335	408	-206	-268	-52	-290	8	-37	-171	-37	128.944071
199	365	204	-353	34	-118	-343	-578	546	228	289.9912429
-222	-222	458	23	-214	-485	-450	-467	461	73	308.0865784
253	-435	133	-41	214	-294	596	237	-145	186	218.960518
84	-109	-577	467	130	205	312	-379	-508	229	296.0871669
216	-231	-597	-531	93	-58	510	-371	-242	175	310.3312659
-522	468	-74	417	-99	-372	9	452	246	-448	322.1678865
-41	422	-199	259	-309	260	-408	278	-110	342	206.5844631
-502	-265	275	576	272	-266	-122	424	-234	213	293.2616637
-291	-350	-29	-58	-240	-546	95	-263	242	-309	200.83451
-1	105	-332	-587	281	363	-308	-577	121	118	284.2268852
90	-96	510	409	-584	-528	-550	444	-327	364	451.900377
-98	-415	-45	-478	527	-121	-571	-10	-284	478	335.8534489
-21	329	66	305	220	476	454	-69	-449	468	279.1266219
444	447	503	-257	-26	-206	-526	-317	-556	-419	406.2425357
-388	331	333	-13	205	520	-215	491	391	62	282.9049693
-471	-10	492	299	-296	-365	-598	487	258	252	375.8431483
200	410	58	-452	93	-401	-156	400	302	34	216.5274393
190	118	522	-93	432	313	35	-399	-154	-378	236.6939853
-54	-202	454	-314	326	45	-149	-452	168	-242	193.5109286
-429	517	-42	382	483	590	161	-255	547	221	405.8504685
450	-269	181	33	108	367	-161	526	-146	-236	209.7053826
-416	43	499	154	88	-11	-72	-340	-431	177	199.3402099
-550	208	377	562	-229	151	177	-104	356	24	263.1089926
113	325	170	-402	266	-375	66	-481	-29	-364	223.337087
33	229	136	-430	188	448	-293	263	-488	56	223.3193037
97	-399	-493	-544	-369	291	-153	-268	333	235	298.4397953
151	124	325	372	-344	365	371	116	247	395	226.4607692
164	-286	548	-166	-26	-440	169	-27	-213	-533	248.3937192
496	117	-178	596	-24	-537	236	-14	386	-53	286.8115546
-579	-347	379	-167	-159	-411	552	527	57	168	359.821897
-442	120	216	427	309	-507	-225	-16	-60	395	251.4523045
214	-388	477	361	318	211	144	451	154	-454	289.4623936
35	415	-3	203	201	468	222	150	206	161	154.6125338
116	117	381	-3	36	-18	-511	-127	-82	391	153.6974328
-76	422	564	-76	-161	-161	31	392	592	-309	291.0413087
218	-511	-430	-406	-43	499	-150	22	569	-546	389.5228379
308	10	362	-546	199	-248	-497	-25	-544	564	372.7220704
68	-476	441	-443	-298	-48	148	54	134	450	240.5784213
-461	514	440	-466	295	-5	-100	91	398	524	357.4745479
328	173	-139	412	-351	361	213	-51	475	103	217.0766132
-439	-114	228	319	-322	180	-315	-42	403	-91	192.8068451
209	102	362	189	-513	224	-239	121	-175	-341	189.2158396
474	146	145	60	-275	-222	149	441	327	558	258.6113132
-509	-259	441	556	-95	348	543	122	590	59	406.3040876
166	161	233	-418	-354	213	-227	222	-533	373	245.3014822
-510	-54	122	384	-39	-255	440	-355	-163	-110	213.5491589
305	-427	107	-411	-344	397	-13	553	-86	-42	262.7017616
-65	-329	-137	-557	242	343	108	208	124	-50	173.629713
-579	228	294	-432	249	229	-145	130	378	-98	242.2852952
262	473	219	372	578	159	120	-325	106	297	265.3881305
-79	523	450	164	-136	-342	69	-339	-56	566	272.9261872
499	539	-39	516	317	400	-53	432	-263	310	356.6068099
104	-79	596	142	-495	464	484	-299	-193	-222	316.8000998
-344	504	219	-68	-437	-587	-101	362	167	-240	297.80225
134	162	-273	558	-133	-128	274	-272	284	146	179.7994744
-491	-11	-346	8	-210	-448	-511	536	-129	109	296.6812487
-200	-154	-102	-154	-84	-576	390	-39	-594	100	239.2812045
173	548	320	212	-322	144	-366	581	113	263	289.8632578
28	-560	401	85	384	-228	278	420	-162	-13	241.4864449
431	40	182	-589	-592	-34	560	485	308	78	393.2425407
234	-139	-253	-232	241	53	286	375	-138	-44	125.0502974
95	-180	246	180	297	-283	-546	398	-494	5	251.8078105
49	266	-386	89	285	287	-519	-370	249	262	233.6432675
278	-456	-36	11	479	397	580	190	389	249	315.8773115
-483	31	-553	-552	313	531	107	170	14	385	354.3658251
303	251	-394	400	466	-203	-196	20	90	-591	282.1520243
198	509	-221	-597	-313	-222	329	453	-33	306	315.7407458
-181	-49	8	249	38	-99	-514	-567	-401	-520	282.2457079
229	454	-176	321	-258	-507	500	-295	63	26	265.4673015
-392	186	-221	-510	-94	338	198	-561	124	488	307.9294932
-568	-300	484	-212	337	136	405	22	366	-465	335.6367553
-9	-284	452	-362	10	20	378	-498	-90	116	208.2589027
-37	-252	346	181	450	-212	-340	135	562	15	229.6795121
-563	90	-211	-322	420	-263	214	355	90	23	225.8235039
540	309	-537	164	-492	121	382	75	111	-527	351.1591056
-118	-364	-46	-377	-582	270	125	572	461	189	324.3340135
168	198	-188	-522	-199	-483	-171	-361	246	287	238.6484474
174	-169	55	440	-22	-70	-470	499	40	-355	215.5930012
16	347	-338	82	-376	448	386	538	-489	81	317.8605805
213	-70	-393	-172	-220	-570	263	393	599	-580	382.6058714
136	-231	29	-562	-543	-151	456	369	155	51	270.2287491
569	-242	66	79	-159	209	-385	-391	-512	347	287.3831805
-513	-466	-203	134	-490	441	251	21	-175	82	269.7164774
504	-412	-221	399	46	483	582	-147	-75	-400	349.2912293
-508	441	510	554	-288	-58	574	391	551	510	539.002503
-578	-398	44	-329	-179	445	181	-519	325	546	385.648495
-123	-299	207	269	506	-288	263	-583	-81	-286	265.0321155
-113	-587	-104	-287	356	188	-482	542	-349	194	325.5356812
-359	409	367	-33	-67	531	332	544	333	-111	312.9397963
48	-214	-276	117	-508	-152	-330	243	-515	49	214.6770905
-518	-144	407	-80	246	-154	590	393	-96	-372	299.8725628
107	-549	303	288	122	295	226	185	-482	37	228.0999982
166	-168	285	404	-44	386	568	-195	-352	-425	280.0644035
-278	115	-274	447	-74	236	77	565	298	245	226.1371633
35	447	-337	-594	513	355	-172	86	-323	307	324.0484971
-367	206	585	6	90	187	-364	-251	-517	-31	257.5374044
-536	-215	-364	-170	160	385	-92	87	475	-497	290.3521593
-49	-84	465	407	435	-599	-6	227	-76	585	335.7313179
112	-379	-85	598	-362	88	-101	466	-210	-158	240.052894
-380	-301	444	305	578	-22	-55	-210	-105	475	286.7944736
-23	163	270	466	-472	287	-74	-51	509	-364	256.487127
-151	184	479	-73	493	-531	478	-43	-150	143	273.4300365
413	-13	329	-528	-164	-347	312	40	222	4	214.328544
295	395	-517	-283	399	-13	214	-276	488	68	279.6356184
-425	103	149	416	-292	-280	-418	530	-48	-19	253.1109587
10	-247	-533	-554	-511	358	-302	140	-293	-397	350.103194
363	321	335	527	-172	435	117	-544	-486	-121	352.009281
582	179	172	103	139	-558	476	-325	-567	420	393.9218431
-549	484	-566	70	95	91	572	97	530	189	383.8444376
-253	-103	592	-7	-166	-44	-23	275	469	-7	188.6983304
550	-469	462	205	529	410	263	342	-60	-391	393.1244138
47	-73	502	-259	70	-450	-313	396	459	-282	270.7658547
-282	-186	489	-52	3	377	-256	-285	526	60	232.280398
-225	244	-11	-109	180	192	-250	-236	-79	410	121.9909999
454	310	-71	-235	100	219	-515	599	-292	-17	283.4901582
149	128	-251	-99	104	-405	-126	284	162	-361	135.8312802
495	-184	-301	-248	-237	-388	-552	195	289	-154	272.9162469
-57	-511	496	-439	-395	-522	-587	345	286	494	481.2605629
-504	-205	82	321	349	-125	-410	351	-417	-272	271.6020996
491	-476	199	318	-555	-578	-307	447	-437	-559	513.0092756
20	-335	185	-24	-329	-340	550	-327	35	90	198.5052248
-87	-202	283	461	-418	-329	193	-309	-233	536	275.5612586
170	-83	513	583	1	574	379	-76	-17	-508	345.0108731
171	-573	382	338	-140	85	478	-446	54	-285	290.0058404
408	589	-329	49	-418	-111	-11	-435	518	-384	355.0512288
-137	574	-314	-544	483	-560	31	524	454	-18	443.8405115
261	-204	517	-171	-269	343	212	-389	276	-398	257.7811474
-125	-413	-151	-123	31	-264	478	-122	-16	-21	135.7157391
264	179	-295	-444	-78	12	320	-58	-409	-128	171.3897376
-302	87	-412	471	-111	140	4	-467	125	-224	202.5447566
307	-282	-192	-475	414	-550	-477	-503	-78	155	356.2008632
-58	-18	245	94	180	-416	-427	-540	-206	-124	203.4359647
337	123	-554	-353	191	-569	-70	-290	-56	340	283.0300184
-428	540	367	-297	-149	-507	-18	467	-291	533	392.0280865
416	-53	-354	-8	504	-154	-4	592	-513	551	375.0567323
-287	-169	491	60	-573	519	-572	-589	533	167	485.8417783
267	-533	111	329	-381	-235	-349	483	-533	-536	401.698962
-290	-95	-383	-557	-233	-210	38	228	-219	451	239.307696
479	189	105	20	378	-87	-292	489	-63	-174	197.418095
-580	212	567	-88	263	19	563	-14	191	-519	351.7782803
533	394	542	517	136	471	217	-131	-18	-46	327.9062128
194	108	-313	206	590	415	-150	83	-379	489	281.5443702
479	-368	-511	-488	166	378	-32	427	382	451	392.8088454
-383	419	404	-68	-247	-9	-367	393	347	-299	263.5326577
213	-174	460	-180	-387	-69	335	-584	139	-513	303.4865066
64	443	65	-130	-328	-449	-81	-300	-156	-350	194.5125977
541	35	438	-528	-192	-527	-597	-381	19	-39	396.6442651
75	358	-279	42	-96	133	267	235	-449	-384	179.9602205
174	-475	-102	422	180	-473	369	297	-590	288	339.9834064
-427	-84	-558	34	-247	78	221	-543	-19	-312	253.6024072
-30	-75	-33	169	512	440	516	342	-460	519	340.0250558
-502	-376	136	-387	304	158	-149	-315	409	-237	256.9745104
416	-543	576	286	-262	331	115	-235	331	445	359.9275453
470	-173	359	-465	75	365	545	-464	-121	-379	352.3450618
124	147	300	-465	-373	123	580	282	-476	-195	295.4982496
-448	79	385	415	170	353	265	452	123	25	243.7947301
431	147	185	-409	-455	298	588	216	553	187	360.4735973
-55	468	-409	37	-594	-325	278	-537	539	-282	397.2146872
451	222	-528	-177	27	-280	-94	444	504	-285	296.784672
-168	-272	235	-567	-173	-588	186	263	252	-301	279.1164571
-148	-74	-189	533	-379	241	-381	-355	-107	-345	238.6430382
22	394	358	-321	-163	454	437	-258	-372	506	318.8729163
-269	567	147	-351	68	102	-67	150	-359	-579	262.1997624
47	-561	68	-115	-380	-251	569	-262	-36	-451	285.8206265
574	301	16	-128	546	317	382	-416	361	291	343.3271068
-333	-292	150	246	-301	483	-488	-250	407	461	321.4948912
22	-560	441	-87	490	-596	530	-401	-525	437	505.9988659
-400	233	173	95	419	-125	-224	-358	-583	317	266.7872994
152	-322	-525	272	-574	416	-236	-518	-20	494	387.8476963
-210	360	-522	-404	-243	-85	-215	-43	179	-549	265.2941296
-257	364	-28	-367	-80	357	-91	-117	-237	141	142.4635914
-325	119	-555	231	-282	-261	135	-268	-35	-391	219.2430751
-449	-268	-241	150	-511	-251	324	-91	-94	-185	209.6159363
-223	-262	-224	-480	-9	469	179	248	-157	346	215.2274998
-94	-155	329	459	-424	-350	-322	35	-318	236	229.9434502
382	157	527	-285	585	36	88	464	-401	-353	346.3738658
436	-105	241	-467	-533	63	524	106	289	-231	298.0108893
117	392	109	365	-57	-207	495	78	-356	-462	238.4613216
69	451	-235	-484	497	545	203	173	-219	545	365.441928
322	-440	157	500	-599	385	-142	-49	-235	387	327.6294652
-234	-47	-270	-138	-169	238	-224	18	84	334	101.8067076
-571	-587	-39	556	546	-219	-541	439	521	131	526.2688761
-203	-173	213	-37	592	-485	406	-28	-45	478	275.9129764
597	-343	-256	390	-404	293	-360	-316	101	77	297.5877553
471	-289	-534	244	449	-459	400	-276	-47	-495	387.437806
585	-429	-287	-376	117	-311	227	149	300	104	259.7415978
419	95	31	-305	-300	90	-271	521	-532	430	298.375924
181	-547	289	180	-447	561	589	-469	-580	-372	502.022229
594	592	-488	216	79	-554	-285	223	552	-424	480.1503709
120	520	396	34	-290	-479	-599	-121	-556	153	366.5798531
-119	-52	552	-500	536	149	-286	133	-52	223	259.1672535
-392	-94	-91	437	95	-379	-493	-250	70	-46	207.7430868
-404	-137	522	-268	229	-3	-564	-335	217	-420	309.138253
163	476	92	-148	-447	-423	-20	-478	-418	527	336.8993215
303	-95	88	-259	1	-420	-322	155	307	-140	149.4048015
-156	-425	338	520	-447	-358	-404	-390	275	370	362.3546961
-458	-487	-112	-42	-429	-365	391	-517	68	-12	301.8107348
-448	201	417	-238	-473	559	509	-517	67	245	400.6810211
-274	-452	357	86	-179	-264	-15	66	-541	422	248.8269869
-240	518	-355	66	-525	-78	-502	-536	429	-414	409.1868828
-12	52	265	-573	538	-201	-91	237	-347	583	314.9994335
-480	-502	413	390	-293	184	375	-167	488	472	389.5473516
416	-108	-109	-409	588	410	323	-258	594	471	406.8260298
-450	411	-311	-156	-113	-58	348	-530	549	307	327.5764695
413	74	35	523	-409	231	572	-14	65	131	256.0538888
-320	-121	290	335	456	-334	196	-457	458	57	274.2839578
188	-291	-574	-64	-513	451	552	426	599	258	458.9336896
-262	-90	-167	418	-47	500	-365	558	-19	-332	272.6844929
360	99	269	-433	13	368	-296	-421	-291	374	257.0644374
64	-79	-530	312	-324	295	-56	267	-64	-231	179.1163521
217	281	-356	95	-578	565	20	-219	302	435	311.9794848
-45	-403	249	8	-554	-130	-501	-403	114	165	251.9865001
-425	512	166	-35	-568	-176	355	576	407	-107	366.0126391
-150	215	-441	456	-303	463	197	308	-436	211	287.4150921
-183	-333	-139	593	85	355	-433	118	370	-142	252.7686918
-246	-488	-486	483	-484	116	-354	-346	195	588	412.1652173
-86	503	324	475	-131	-579	-289	179	-80	597	356.4449267
595	-556	48	528	272	-193	-552	160	-178	162	361.9336058
-3	-534	147	314	-368	-48	219	112	-322	478	234.9423905
460	-284	131	182	371	-466	256	558	488	-3	329.0978266
254	295	549	462	-402	-320	-102	498	47	442	347.5994676
-290	87	-66	-52	-471	-323	-232	559	-461	-184	260.3925697
-133	68	-105	340	220	29	-229	355	-248	-566	190.6297166
-600	373	-63	-202	465	141	200	60	455	-184	267.1174032
-252	-326	-166	138	109	506	-175	-457	-251	-431	244.1161807
-189	126	452	-131	-151	-39	-105	434	-379	-554	237.8366482
-117	-89	-20	-338	-163	-146	-415	-378	-402	-75	167.6191214
390	14	538	302	199	-348	62	512	329	-492	328.4855051
-213	38	84	-434	-123	-318	-597	166	201	-232	210.1645398
-535	43	468	199	-216	-39	31	-545	-302	368	280.8729308
-520	-517	89	537	580	218	556	-342	-214	84	425.2018004
100	453	-44	226	500	415	-43	-507	143	-376	278.7907354
485	-346	-278	-469	518	-175	214	-231	584	325	375.2434702
-285	-315	237	-33	-423	-35	511	-421	326	-477	298.5096605
360	210	-286	558	52	-548	-488	418	361	-90	356.2893424
274	-568	98	-489	342	-525	416	-207	511	69	381.2012949
593	-455	505	76	-265	61	-506	-269	-144	-305	334.8813217
144	163	378	205	369	-331	-152	591	133	204	228.4292953
555	302	-355	-378	379	-547	-48	412	-209	100	335.1792749
-16	599	597	-25	-341	56	-443	-369	333	78	322.2228962
23	294	-117	-595	17	121	-420	-331	412	-279	251.7891882
-282	-19	-182	11	-365	-494	410	385	-536	-393	313.0770529
234	286	447	38	-40	-451	-208	278	287	155	193.4370715
402	105	-511	-480	-588	27	308	505	95	523	411.7668887
-320	263	-61	129	350	339	-332	547	351	-407	282.908716
-375	-463	-589	517	308	303	439	-540	147	554	493.1779826
442	-218	-45	105	-355	6	-5	-408	-411	-7	180.3645009
545	371	-386	325	-444	339	-326	-243	460	-190	354.5935535
-340	-269	-464	-196	477	49	517	261	-362	-556	362.7736977
9	-268	553	-502	44	-309	-389	-308	-578	-409	369.674286
-418	257	-181	-103	516	129	-277	3	-435	-512	274.7360359
-560	-317	304	475	-60	379	-135	192	-278	-354	285.2652211
483	198	180	-163	504	370	387	-570	-383	338	365.4934983
491	-88	-339	401	444	-490	-370	368	80	378	346.8865547
385	-103	-8	-599	-319	362	-215	176	94	-430	256.3599663
297	427	-391	-399	581	316	315	200	190	345	329.5974247
-348	217	-567	-428	388	-342	212	-450	61	-435	346.1859522
-324	-396	582	260	-197	-166	-435	240	143	-45	251.9382975
105	-220	-465	467	-65	269	-5	448	-532	-389	302.3432088
43	-377	290	-65	-25	-584	-281	38	-310	-579	272.4318089
553	575	-124	-493	-217	115	-572	-28	495	-267	400.8645445
-452	-441	-272	475	231	-171	325	-23	-422	228	280.3051051
-173	-465	233	446	-97	-153	-478	106	-403	452	285.658667
318	105	242	8	-474	423	14	-378	-498	-25	242.5227439
-468	322	538	561	113	565	297	113	-435	362	421.0298132
86	-474	-415	-563	-42	-259	440	289	-324	267	311.8743868
559	501	-327	-47	-486	417	182	428	-262	310	366.9392475
125	569	558	-205	248	471	142	240	-363	-125	301.3189119
-265	245	11	114	-230	-430	397	-465	-128	-389	231.6767193
-524	-69	503	-129	-576	246	318	190	-460	105	326.3435776
-364	399	-289	117	-222	364	-204	-112	294	92	180.9367532
257	-33	-360	-132	294	561	314	-550	-543	148	334.3763865
506	-57	531	-398	94	87	196	320	399	-575	337.6742473
169	596	-516	529	370	-305	-443	57	-207	238	365.6867711
-286	-44	586	-416	5	-133	597	-434	224	450	354.8320584
431	146	-479	100	-116	155	-108	442	152	-163	186.183321
-268	226	-225	-146	-433	460	69	-584	-452	32	287.2703771
-239	69	-432	313	-268	573	-539	-61	315	111	289.1042772
68	-527	-267	370	-130	-316	247	-15	129	-16	172.3513989
554	105	267	-487	236	-357	442	23	545	512	392.1514983
-522	458	-358	-408	117	333	596	307	-31	344	368.5540002
574	-181	141	-491	103	-54	-502	-152	343	271	276.726052
-534	138	460	-334	-226	-391	468	531	-309	-599	447.646944
163	415	-303	215	8	-340	-49	76	196	424	170.7168019
335	-456	-48	-228	133	435	456	151	294	-325	252.0477833
557	399	427	152	250	-235	-422	-7	-168	358	282.8229089
-145	137	78	-277	-112	556	-512	-31	397	222	229.5706733
-231	406	158	-34	-227	49	469	369	-307	502	251.1558638
-315	160	366	-506	97	422	-434	-18	-448	-493	334.6840106
151	472	588	29	393	-238	-441	295	297	-208	305.0605039
-511	-139	-600	-151	181	-532	-84	401	-141	200	302.7796884
261	363	-580	464	-549	-15	224	50	548	41	352.967404
-69	-286	-84	-535	-221	-542	-411	-45	565	-339	332.8777893
-143	300	-272	338	-371	419	-300	-334	580	399	328.2550243
-544	-387	261	-515	340	-261	370	-359	-17	-282	327.9272128
-63	-541	-205	262	401	-544	-456	-470	404	-211	376.1571869
148	499	508	-306	-598	-333	460	516	-157	317	424.5328714
50	243	120	71	-430	-297	416	424	63	-13	178.7725355
83	278	-271	212	17	-503	265	51	193	-277	161.663163
-445	481	-437	265	-407	530	-323	422	-526	542	498.4955568
-471	330	529	-415	160	522	549	479	524	-428	518.3716889
48	409	88	-348	-553	-318	336	-87	339	73	237.5296507
-178	277	-90	-78	-249	324	186	-139	585	-466	226.7227426
6	56	175	-180	-250	-305	557	-565	260	-405	271.711847
-516	559	-43	-474	448	557	95	-43	515	-58	399.8897666
-217	508	237	-15	510	13	477	71	114	-476	274.4890736
-401	-406	-2	-151	130	-582	416	-539	-3	-517	359.7435958
-325	-175	596	490	326	451	-493	-548	-38	-451	448.3803616
-554	9	569	36	-63	-423	255	208	-66	-559	311.0056116
-86	307	-215	-224	-40	172	27	176	-468	6	120.9987399
109	-32	277	410	430	-275	-402	491	451	-267	299.9041549
163	-284	-514	505	367	526	-329	-84	-2	-425	334.4491197
182	-182	-276	-174	167	-174	-237	596	296	176	191.2229787
-62	-312	502	-528	439	-72	590	261	153	-106	321.1977187
-116	432	-259	-306	-430	597	305	-516	-115	152	325.4275064
505	170	-118	-110	-527	-158	-520	-121	-225	-33	238.3492502
-473	-535	-138	-280	237	-555	-357	-203	-103	-264	306.1384303
155	225	-584	165	-296	-134	-191	123	562	559	308.1143062
351	-94	68	-401	-455	-471	46	-350	186	491	282.6494069
476	-437	73	-205	-326	589	-565	-5	174	-535	389.4618152
11	-50	-584	595	501	13	172	495	-234	320	346.1592576
-38	214	-197	516	319	-113	-331	242	269	-420	221.9346648
182	490	34	562	-242	7	422	343	251	425	298.0519309
24	-155	-546	-101	-9	-297	103	254	90	-444	176.3920664
-67	-210	470	-260	-123	-221	206	587	-374	208	243.8032267
-264	-52	-197	-297	435	36	-229	422	-426	-378	237.2372714
-502	120	366	-481	-335	-253	7	427	-137	123	257.062431
-574	183	-188	15	-141	300	170	-214	179	-203	165.0907414
-77	62	585	-169	-386	-452	-487	-559	159	37	328.5401948
495	-474	-21	-397	76	9	-169	-391	492	97	267.6422094
373	32	-282	212	-22	120	70	-63	-326	237	113.704728
524	149	-96	533	541	117	443	352	321	218	342.7830105
224	-137	-196	565	-154	356	68	-368	-129	-26	184.6006103
437	-95	113	-80	-549	222	-139	-207	-55	-307	183.3225169
509	-499	169	142	-75	-207	-106	-438	446	353	283.9752162
567	-582	-166	-112	-474	124	76	-563	-509	492	442.0637936
518	398	-175	319	-258	394	-541	-11	-476	127	330.1046699
-309	553	492	194	-449	210	196	-257	291	429	325.9695288
542	-65	491	-596	156	470	418	132	-510	-217	410.7147556
351	-562	24	343	-565	-27	158	31	489	179	294.5753227
141	474	-422	215	286	-300	-87	-245	-86	-299	202.2632611
378	-544	131	299	366	555	-390	388	507	-576	470.7047256
-21	213	385	432	397	-365	486	380	262	332	308.7389911
-383	-510	467	-360	-381	-18	-252	-113	-241	-412	302.0114347
186	435	-262	-118	0	230	250	398	7	215	157.6224479
251	-269	-198	-502	303	378	-365	212	-410	505	316.6393223
-160	403	87	157	-222	-475	-264	-429	131	543	266.2211442
204	432	-291	-307	-194	349	-347	-254	89	-147	196.265498
217	32	12	138	-393	108	301	164	339	257	133.9662945
-47	-573	-483	-420	-267	-322	539	136	116	583	395.38895
64	164	384	156	473	-462	-589	-523	64	294	338.7347912
305	-427	-299	470	586	-97	304	-289	507	-94	346.0692046
-484	570	-234	137	372	281	-22	177	164	-358	260.2152781
489	381	-590	-106	-27	265	472	-491	103	-371	357.671975
-500	-581	5	203	197	-395	-165	-82	-150	-197	230.7230074
500	447	256	-582	424	-251	-503	-2	-5	157	344.6335947
115	-468	-360	101	-7	-230	-317	187	-292	-568	243.0861284
-352	367	-317	-243	-410	-272	-195	184	-309	-514	273.9396356
501	-71	-238	-376	26	-32	28	-135	472	-384	212.2522754
-336	-223	-594	238	426	-522	534	-470	159	594	478.5581765
-245	-393	-557	-582	-527	-424	-265	216	458	-205	423.4049495
-142	22	-600	494	491	-166	171	133	-506	298	322.2245342
-534	-238	-360	440	-483	440	-344	1	512	517	435.852819
587	-238	-279	234	-476	-285	93	-297	473	354	322.8887073
-473	216	520	564	-289	-275	-4	596	-237	-71	359.6173552
298	-573	-259	-263	-319	359	129	24	-570	228	295.5831509
488	-547	555	-462	301	325	-351	517	-49	448	463.1603557
274	-278	16	314	177	-578	353	-142	26	96	193.8803385
-468	-566	130	-199	105	18	124	-476	325	-378	275.4202445
402	-420	-440	-556	-350	-285	460	165	-222	-387	371.538491
-532	454	142	297	469	-232	94	-430	-386	-449	354.9090244
46	298	-224	-441	-287	288	-177	121	-557	341	244.3427051
-375	-566	175	169	1	-62	-435	430	-577	-488	368.3070305
141	-456	-93	-491	-272	158	161	-94	308	-341	206.5969419
546	-324	-414	592	405	326	60	37	-279	-389	358.346179
-191	190	-221	168	430	-496	-137	-60	-180	353	190.9830867
-39	-448	-144	-398	370	81	-313	-80	-275	440	225.6043878
463	-310	196	17	-506	-372	-441	-592	420	157	373.4006231
261	-395	-229	7	518	-201	-597	494	-309	472	377.0178916
-416	-56	82	-243	403	355	266	278	-293	552	268.2479948
-43	-343	507	-304	60	553	480	-127	-449	-239	321.9057877
348	-569	140	-89	139	306	299	-230	-10	-435	230.2417653
311	-363	-217	-495	-194	194	-141	53	427	-457	253.4362364
-286	213	-183	-14	525	-326	-570	-552	584	-469	434.3427748
-127	-339	512	26	23	540	287	568	99	221	288.4062254
-55	563	286	398	343	312	-368	-360	-417	-504	368.0289898
-353	268	-580	-355	-21	-444	94	543	-231	-84	306.140618
592	499	-199	-265	-44	-590	-437	529	-597	189	481.5854982
-81	-226	317	-314	-247	-101	-176	-271	7	-284	129.2568638
-47	-295	-97	-99	-365	-263	-274	-151	101	101	108.2738775
269	-61	515	73	356	11	45	-289	452	255	208.0971774
-32	218	27	209	535	-433	-335	99	-334	44	201.5463355
-154	335	197	-421	-196	-86	-183	76	-326	577	220.0468224
-579	-371	-423	461	165	592	-262	290	38	-506	414.040368
-260	-384	364	-560	460	50	237	-141	-86	-324	266.9557053
-408	153	349	-350	15	260	-298	-35	-415	5	192.0692502
-476	99	-12	123	-213	-407	-243	-17	-515	589	284.537967
5	-395	144	157	173	587	338	-362	-437	-562	333.0084455
303	86	152	291	-174	506	364	588	68	-500	307.5419168
-230	-486	-72	-421	-550	-393	60	412	-375	169	318.7535089
94	284	-439	-95	-514	333	-332	-418	-86	522	308.7870442
-270	-128	-435	324	253	203	211	89	-428	-214	193.537329
74	-65	-37	-400	-452	-349	-588	353	-324	-315	293.9322498
-406	423	-129	-198	133	-261	515	-261	-33	-178	213.8764828
488	-555	219	-1	-524	-411	-78	127	-9	-321	291.7398506
304	-126	-218	-209	-137	-155	154	2	-57	403	108.9048133
-155	-387	-400	-98	-425	539	495	-196	138	504	343.7611231
-294	-39	504	490	43	-528	282	-177	284	-246	279.6917278
-329	131	-405	-135	568	-360	-143	116	180	424	252.5044865
-212	-130	162	66	145	577	-31	261	-426	249	190.7388583
402	-177	-88	-374	-204	-553	-199	212	-482	-27	252.394314
231	-36	544	-70	164	458	-472	169	-532	557	360.1917966
463	219	-340	-274	-95	428	152	413	548	446	335.5283526
596	226	343	-90	17	264	591	-443	411	-92	332.2336108
-252	344	-172	-571	-166	344	410	-497	199	126	289.4827331
-45	135	-388	-547	-124	419	-177	-373	-44	-589	296.063776
-213	464	536	-4	-288	-356	505	-420	-52	72	300.2433927
159	-369	281	221	-536	-505	-33	-234	494	195	293.3640142
147	542	-544	24	-322	-425	424	188	324	-385	342.1287499
-322	486	-437	432	72	-359	38	82	338	382	280.9684805
-513	-420	-425	374	230	-191	467	20	-411	73	311.5501293
453	-222	-168	-392	-110	206	-130	7	-396	-593	255.0833501
398	572	388	-495	-273	-270	-432	80	-251	-247	337.4045791
-70	-309	-575	-282	41	372	142	-103	-58	92	174.2990307
185	-594	-315	-40	515	104	-321	286	40	182	246.871873
315	-140	-448	-268	-488	474	8	-501	-212	220	300.6497273
459	78	-29	-265	-317	-187	-126	-511	-420	-467	274.6937565
-148	-404	155	-595	-24	422	178	-407	568	300	338.8192348
-158	-525	65	-5	-83	467	-537	55	210	460	270.2267294
-570	446	79	36	-223	-343	375	-253	-310	283	270.8886394
-320	46	418	-444	-32	-190	231	-274	224	554	250.6974259
284	-237	455	326	256	-256	-504	-505	13	-503	336.8542553
263	468	402	507	234	423	-351	-559	46	260	362.4831514
-539	-139	-292	-594	209	239	-439	415	30	-159	310.9951467
493	410	-262	294	-340	-476	547	45	-54	-571	385.620154
-506	13	373	491	-91	125	32	-513	242	-205	257.2807987
32	-462	-239	218	369	455	435	160	134	428	270.5660696
245	548	65	103	-560	490	-599	461	160	-309	406.2987198
549	-405	317	513	-331	-302	494	-534	-6	39	391.1264048
104	140	-340	521	464	-11	570	438	260	-554	382.0364134
199	-46	117	-20	257	503	-133	-582	-519	-249	266.6590854
242	275	369	-129	-364	112	368	84	-339	504	236.8784727
-403	-65	-533	378	-539	-74	423	593	-338	53	385.3088779
343	-39	492	-595	-252	-511	-383	390	-516	-324	428.5212342
500	399	-278	-354	410	-16	-75	-496	571	264	357.8647826
68	-357	307	-415	254	-414	71	-577	-177	-571	333.452793
354	-479	-24	-14	524	-228	258	454	563	-234	332.6235144
-175	-185	-285	337	-167	-9	-259	-27	-158	-128	100.1910039
322	109	414	-95	528	348	-241	-391	14	592	315.3739819
-114	-575	-251	498	399	-588	376	-444	537	337	476.0052499
324	-190	-504	-299	434	-426	317	-28	-493	216	312.3245652
-529	-264	510	363	-213	-220	444	-128	-59	590	351.0694835
88	-273	-470	436	46	580	265	-11	-266	550	319.8465313
366	91	519	159	578	205	-127	-416	-484	290	331.1322517
472	-224	-2	183	-270	234	-460	-267	377	50	216.406405
-359	466	-22	-70	515	-343	-349	510	-252	-316	320.8854614
-140	-258	28	594	-418	-452	-352	-219	-119	402	292.6106938
108	67	410	48	228	-52	281	-327	265	-310	149.3645048
-372	-74	-486	180	326	-376	144	475	135	68	233.3298761
-303	382	-403	233	61	-65	285	300	-190	299	190.7769511
-88	106	-151	239	108	-352	331	-438	-229	-290	169.2294728
125	483	483	-2	86	-224	-464	65	-287	-400	251.4152165
-171	581	-272	-307	465	4	-547	122	-477	-596	413.0285996
-411	442	-181	-401	-205	132	-211	268	520	-119	255.5505131
-566	108	251	-516	-39	-354	-36	-205	366	-455	294.1044074
-280	474	130	-3	-305	-302	-253	-59	217	-126	159.6665329
-270	-413	446	-200	-111	-339	578	544	-306	85	336.1264294
-508	500	-551	258	-108	183	543	113	474	456	416.902361
224	448	534	-263	-384	-424	-554	316	243	-348	380.8822198
280	81	64	-556	-147	46	293	548	-360	166	242.3066047
-588	107	-431	27	-374	-406	-132	197	419	-356	302.7176523
151	-261	-24	387	-398	-73	-281	160	123	-490	192.1983806
370	534	-310	-79	432	-55	-66	55	21	-544	255.4506684
62	562	46	47	-516	423	-420	-80	122	468	297.477075
-446	-222	-273	-192	82	586	-192	67	194	-126	202.1404558
232	-287	300	495	-426	-276	-421	-31	-433	113	277.8406745
-213	-408	-250	-508	-411	190	507	345	-138	-548	359.2098952
-195	-11	-10	379	-575	258	516	-269	397	15	269.8812185
345	255	75	389	347	265	-511	425	587	-290	351.5125794
316	227	-414	-504	-406	99	498	-598	-453	317	416.6915339
-344	-246	104	-101	-50	343	251	291	97	-40	120.6772127
288	-549	-408	453	396	119	-352	-92	-276	268	302.8127929
72	-433	492	-156	-531	-390	-549	107	245	82	319.18326
-230	-486	413	-444	-248	499	581	-581	-162	-260	435.068008
279	470	-298	-260	353	-338	-234	101	-253	35	207.0509887
-587	-393	211	-203	-68	-332	-326	262	554	-251	312.1082428
-198	392	316	329	-307	193	373	404	160	336	244.3259859
-500	472	12	337	477	140	-129	17	-557	-291	312.37751
-141	-555	415	463	-35	463	118	-208	-92	-463	303.5187562
486	501	-133	-537	160	131	-257	-591	223	196	335.8719542
463	4	143	-472	77	333	567	160	301	-359	286.2471734
-525	357	439	116	94	-206	123	-522	-53	294	260.4861803
-395	224	140	317	-36	-110	-112	381	97	576	210.6438992
-46	-230	154	-61	-498	154	-277	387	-22	267	164.1102878
155	-21	543	-159	-67	254	184	460	-359	240	212.3862996
-357	378	-355	226	-503	-311	-334	-269	203	282	276.4506492
-330	28	60	176	113	172	-586	-329	-44	-131	165.3368099
-471	61	-423	-401	-509	448	-549	-326	-260	199	385.9179176
275	530	-492	-185	-169	116	-385	62	78	213	220.5882898
-479	-441	-462	-341	87	-586	-371	582	-571	216	489.4203355
-324	-455	-198	501	-87	192	493	-290	-251	-118	263.6809948
59	-174	-380	-290	-434	231	-121	-565	-89	311	236.6216681
56	574	37	-430	-279	-192	-523	90	157	450	286.6061056
-324	567	289	-253	-512	282	-409	-423	465	273	389.1569428
-171	182	-491	440	150	-93	-193	92	-36	236	158.7221623
-146	374	-290	-324	-379	-217	547	-254	-383	-48	264.4287299
135	112	-598	84	443	17	341	-363	499	136	277.8785093
120	34	-504	208	-157	361	-144	-500	-368	300	241.9903035
66	-389	-499	313	-20	-39	-36	-273	53	-129	150.9619267
49	-230	41	-89	144	-168	-153	301	-466	390	150.2783534
369	504	-76	80	119	239	395	-246	417	-412	259.4568578
549	-590	561	-282	248	479	-46	-133	295	508	425.8880451
-120	595	317	291	-322	508	80	-440	428	301	348.2795931
507	233	194	-223	-191	257	-41	-322	-583	-224	250.1655597
204	564	-367	-540	52	-308	112	194	341	-278	282.8285317
-420	60	-558	554	587	391	-104	-531	201	103	410.87949
-254	-359	-96	340	197	309	172	-402	-584	128	251.2825678
266	331	113	147	-174	46	-247	-313	-320	-218	139.9952287
238	-140	442	-159	-380	-47	-155	-375	78	257	171.0698451
198	307	516	437	-293	155	-292	-374	-68	-162	240.2119347
-383	296	-437	-250	547	346	521	341	-34	249	340.422713
319	444	-495	-427	-264	327	-390	76	555	-518	410.2752343
590	403	429	145	-324	391	165	194	-558	-230	351.6392215
-172	520	-212	593	-403	472	28	-517	425	313	408.0727632
172	46	-368	43	-367	-424	-128	-125	71	-456	183.1100375
403	302	-186	402	-509	189	206	-451	-468	521	371.2559408
556	201	348	588	-56	500	-59	297	-172	-304	321.7716473
117	-420	546	-99	332	556	-301	297	-272	41	293.9329515
-461	-56	66	410	20	-205	-406	16	-386	-309	211.0181584
355	415	277	-147	85	43	-274	-518	-330	53	216.1944735
220	-404	-195	-6	40	-461	568	218	99	498	273.903623
-485	458	-312	-514	-94	330	-457	7	-380	321	346.1581366
395	493	203	577	-436	-447	-390	-326	41	230	370.0176751
53	88	168	-52	149	-221	-127	-373	-213	-418	122.9685444
-423	438	581	-487	313	139	-499	102	55	553	408.7581555
305	280	364	322	326	-375	118	-486	268	191	254.2266268
-592	-346	350	590	-551	497	-409	-30	-426	42	461.7022955
-384	-418	-474	166	399	-504	510	533	-470	-263	456.4717793
229	-380	436	549	152	-554	-442	251	-149	509	390.5521113
590	-221	-172	-456	-165	478	496	-60	485	452	395.834231
121	524	-83	203	-78	-394	-18	-509	465	-511	309.8468731
-139	-422	166	272	-302	225	-308	208	437	237	207.4947471
-124	-592	-67	-111	415	-311	237	319	441	-248	267.3780821
452	-72	50	-244	466	-45	580	-504	20	-483	329.6940905
-72	225	70	527	-554	396	498	409	-54	-163	312.7078038
298	133	304	217	-536	-69	-490	86	-528	424	312.0297188
555	440	494	-529	377	17	9	-35	379	179	337.2120477
66	330	276	430	-442	-534	130	-125	-30	-151	228.6516075
89	427	248	470	122	276	-426	469	-27	-170	249.6975742
440	-595	482	341	-115	4	-559	231	53	-111	323.6113186
350	-592	-489	169	339	522	524	-492	579	80	497.5819145
-551	-67	353	185	179	28	344	-566	-347	-140	270.6118773
128	474	-567	557	-310	-115	-338	7	582	317	384.9072223
99	85	261	-276	-571	-250	566	-229	-284	-343	281.2414934
136	445	-341	-400	-545	-435	-391	-525	-194	265	379.8503212
-398	97	265	-562	164	-253	-599	546	-274	-314	369.8187404
-154	-394	-104	-534	-358	-49	114	-192	-550	-456	292.4129468
-13	82	221	-120	167	473	-233	220	563	-3	186.3555333
547	135	440	-107	84	-355	-232	-496	153	146	251.0323059
-591	241	-388	175	-348	-127	-164	91	-204	-318	226.9563298
339	591	-57	514	-142	60	-452	-256	210	-507	332.5999757
152	579	-233	-504	-157	-307	-14	-281	-331	-263	261.8629659
149	-176	595	-162	-95	306	-153	246	-484	154	220.5007688
-374	479	-31	-129	-124	115	-419	-557	-35	69	227.8186171
-111	203	-525	482	-12	-82	280	-358	47	124	199.1260648
-453	495	-129	456	-407	-438	442	-321	-489	578	476.9713629
522	-480	375	-401	-180	39	93	-352	-485	508	367.0176232
11	519	202	107	300	552	-566	-404	75	547	377.2112503
149	-386	201	-49	-357	298	46	227	585	114	210.7654881
-236	584	513	583	-218	417	-50	198	-515	3	383.0401881
89	-164	456	-423	-191	440	407	323	22	69	232.7464841
244	-368	-430	483	274	484	113	549	-516	223	389.1821865
-534	181	301	251	342	11	579	214	485	-344	331.8004958
