2520	4.207155453	334560.017	24515.13273
2520	4.257540548	334562.8939	24516.7606
2520	4.307925643	334565.6106	24518.29549
2520	4.358310739	334568.1612	24519.74496
2520	4.408695834	334570.7308	24521.1058
2520	4.459080929	334572.813	24522.47681
2520	4.509466024	334574.9253	24523.58772
2520	4.55985112	334576.9052	24524.71472
2520	4.610236215	334578.7575	24525.77106
2520	4.66062131	334580.4876	24526.7593
2520	4.711006405	334582.1009	24527.6824
2520	4.761391501	334583.6025	24528.54316
2520	4.811776596	334584.9973	24529.34429
2520	4.862161691	334586.2896	24530.08846
2520	4.912546786	334587.4841	24530.77796
2520	4.962931882	334588.5851	24531.41528
2520	5.013316977	336207.0455	24532.00272
2530	1.990211262	331189.4251	24143.96032
2530	2.040596357	388134.5144	24172.88694
2530	2.090981453	388168.9437	24198.96378
2530	2.141366548	394599.5598	24222.4999
2530	2.191751643	394627.9868	24243.84101
2530	2.242136738	388254.5748	24263.27388
2530	2.292521834	388278.413	24281.03781
2530	2.342906929	331417.3793	24297.33376
2530	2.393292024	388515.8269	24312.33164
2530	2.443677119	331474.9286	24326.17597
2530	2.494062215	388589.2886	24338.99037
2530	2.54444731	331524.4388	24350.88117
2530	2.594832405	331543.7574	24361.94025
2530	2.6452175	388681.1835	24372.24745
2530	2.695602596	331586.7671	24381.87242
2530	2.745987691	331602.5822	24390.84726
2530	2.796372786	331617.4229	24399.28519
2530	2.846757881	331631.3676	24407.20325
2530	2.897142977	331644.4866	24414.64329
2530	2.947528072	388818.1574	24421.64271
2530	2.997913167	417004.9639	24428.23494
2530	3.048298262	417015.9559	24434.44992
2530	3.098683358	417026.3366	24440.31453
2530	3.149068453	417036.1472	24445.85302
2530	3.199453548	417045.4249	24451.08733
2530	3.249838643	417054.2035	24456.03732
2530	3.300223739	417062.5141	24460.72106
2530	3.350608834	417070.3847	24465.15504
2530	3.400993929	417077.8413	24469.3543
2530	3.451379024	417084.9076	24473.33267
2530	3.50176412	417091.6054	24477.10278
2530	3.552149215	417097.955	24480.67633
2530	3.60253431	417104.0925	24484.06408
2530	3.652919405	417109.7968	24487.33867
2530	3.703304501	417115.2022	24490.38209
2530	3.753689596	417120.339	24493.26607
2530	3.804074691	417125.1952	24496.00675
2530	3.854459786	417130.1631	24498.59771
2530	3.904844882	417134.1592	24501.24826
2530	3.955229977	417138.4954	24503.38033
2530	4.005615072	417142.5812	24505.69385
2530	4.056000167	417146.3218	24507.8738
2530	4.106385263	417149.6045	24509.86953
2530	4.156770358	417152.9153	24511.62094
2530	4.207155453	417156.042	24513.3874
2530	4.257540548	417158.9947	24515.05563
2530	4.307925643	417161.7876	24516.631
2530	4.358310739	417164.4145	24518.12109
2530	4.408695834	417166.8836	24519.52265
2530	4.459080929	417169.2187	24520.83998
2530	4.509466024	417171.4089	24522.08587
2530	4.55985112	417173.466	24523.25442
2530	4.610236215	417175.3956	24524.35194
2530	4.66062131	417177.2033	24525.38147
2530	4.711006405	417178.8944	24526.34596
2530	4.761391501	417180.4739	24527.24822
2530	4.811776596	417181.9469	24528.09094
2530	4.862161691	417183.3175	24528.8768
2530	4.912546786	417184.5905	24529.60808
2530	4.962931882	417185.7701	24530.28726
2530	5.013316977	393520.8156	24530.91664
2540	1.990211262	393563.208	24140.30733
2540	2.040596357	393601.4331	24169.28705
2540	2.090981453	331213.643	24195.41797
2540	2.141366548	331253.7424	24219.00803
2540	2.191751643	339314.7386	24240.40253
2540	2.242136738	326631.989	24259.88804
2540	2.292521834	321682.1746	24277.70368
2540	2.342906929	321710.3781	24294.05035
2540	2.393292024	388504.6153	24309.09794
2540	2.443677119	388523.4304	24322.99098
2540	2.494062215	388540.8931	24335.85312
2540	2.54444731	331515.8947	24347.79072
2540	2.594832405	331535.2979	24358.89573
2540	2.6452175	345875.2192	24369.24804
2540	2.695602596	327218.2477	24378.91735
2540	2.745987691	322511.2987	24387.96477
2540	2.796372786	389324.4853	24396.41631
2540	2.846757881	389335.4301	24404.3766
2540	2.897142977	389345.7297	24411.85854
2540	2.947528072	332238.0583	24418.89941
2540	2.997913167	361129.8378	24425.53268
2540	3.048298262	341092.1491	24431.78832
2540	3.098683358	341102.6049	24437.69328
2540	3.149068453	341112.4902	24443.27185
2540	3.199453548	341121.8422	24448.54599
2540	3.249838643	341130.6948	24453.53562
2540	3.300223739	341139.0791	24458.25884
2540	3.350608834	341147.0232	24462.73215
2540	3.400993929	341154.5532	24466.97064
2540	3.451379024	341161.6928	24470.98815
2540	3.50176412	341168.4638	24474.79736
2540	3.552149215	341174.8866	24478.40996
2540	3.60253431	341181.0999	24481.83676
2540	3.652919405	341186.8774	24485.15176
2540	3.703304501	341192.3561	24488.23428
2540	3.753689596	341197.5665	24491.15738
2540	3.804074691	341202.4962	24493.93733
2540	3.854459786	341207.5511	24496.56751
2540	3.904844882	341211.6077	24499.26449
2540	3.955229977	341216.0185	24501.42883
2540	4.005615072	341220.1899	24503.78211
2540	4.056000167	341224.0152	24506.0077
2540	4.106385263	341227.5118	24508.04869
2540	4.156770358	341230.7342	24509.91422
2540	4.207155453	341233.9377	24511.63347
2540	4.257540548	341236.9655	24513.34267
2540	4.307925643	341239.8337	24514.95812
2540	4.358310739	341242.5362	24516.48841
2540	4.408695834	341245.0809	24517.93027
2540	4.459080929	341247.4852	24519.28799
2540	4.509466024	341249.7584	24520.57076
2540	4.55985112	341251.8918	24521.78361
2540	4.610236215	341253.898	24522.92185
2540	4.66062131	341255.7825	24523.99223
2540	4.711006405	341257.5505	24524.99766
2540	4.761391501	341259.2071	24525.94095
2540	4.811776596	341260.7572	24526.82481
2540	4.862161691	341262.2053	24527.65189
2540	4.912546786	341263.5558	24528.42447
2540	4.962931882	341264.8132	24529.14504
2540	5.013316977	320893.3857	24529.81587
2550	1.990211262	315875.9634	24136.66147
2550	2.040596357	323976.8366	24165.69378
2550	2.090981453	311305.0102	24191.8783
2550	2.141366548	388245.7917	24215.52183
2550	2.191751643	407398.8671	24236.96931
2550	2.242136738	329208.7718	24256.50705
2550	2.292521834	389066.9477	24274.37402
2550	2.342906929	332059.592	24290.77105
2550	2.393292024	389153.5175	24305.86802
2550	2.443677119	332117.5532	24319.80943
2550	2.494062215	389227.524	24332.71899
2550	2.54444731	332167.4594	24344.70308
2550	2.594832405	340229.6718	24355.85372
2550	2.6452175	327531.7364	24366.25085
2550	2.695602596	389347.0954	24375.96423
2550	2.745987691	332248.7198	24385.05501
2550	2.796372786	389395.8444	24393.5486
2550	2.846757881	389406.8502	24401.55104
2550	2.897142977	389417.21	24409.07463
2550	2.947528072	389426.973	24416.15668
2550	2.997913167	389436.183	24422.83071
2550	3.048298262	417627.272	24429.12674
2550	3.098683358	417637.8024	24435.07178
2550	3.149068453	417647.7618	24440.69014
2550	3.199453548	417657.1876	24446.00384
2550	3.249838643	417666.1137	24451.03282
2550	3.300223739	417674.5711	24455.79522
2550	3.350608834	417682.5882	24460.30757
2550	3.400993929	417690.191	24464.585
2550	3.451379024	417697.4032	24468.64136
2550	3.50176412	417704.2469	24472.48936
2550	3.552149215	417710.7423	24476.14071
2550	3.60253431	417716.9082	24479.60625
2550	3.652919405	417722.8781	24482.89595
2550	3.703304501	417728.4323	24486.08114
2550	3.753689596	417733.7157	24489.04448
2550	3.804074691	417738.7183	24491.8634
2550	3.854459786	417743.8597	24494.53245
2550	3.904844882	417747.976	24497.27556
2550	3.955229977	417752.4605	24499.47176
2550	4.005615072	417756.7169	24501.86444
2550	4.056000167	417760.6265	24504.13535
2550	4.106385263	417764.2065	24506.22127
2550	4.156770358	417767.4711	24508.13134
2550	4.207155453	417770.7488	24509.87313
2550	4.257540548	417773.8509	24511.62188
2550	4.307925643	417776.7938	24513.277
2550	4.358310739	417779.571	24514.8471
2550	4.408695834	417782.1906	24516.32885
2550	4.459080929	417784.6701	24517.72654
2550	4.509466024	417787.0187	24519.0494
2550	4.55985112	417789.2276	24520.30247
2550	4.610236215	417791.3095	24521.48102
2550	4.66062131	417793.2699	24522.59179
2550	4.711006405	417795.114	24523.63772
2550	4.761391501	417796.8468	24524.6216
2550	4.811776596	417798.4732	24525.54613
2550	4.862161691	417799.998	24526.41387
2550	4.912546786	417801.4252	24527.22739
2550	4.962931882	417802.7593	24527.98886
2550	5.013316977	336841.7649	24528.70067
2560	1.990211262	388678.7627	24133.02271
2560	2.040596357	331803.4116	24162.10712
2560	2.090981453	331847.8258	24188.34476
2560	2.141366548	339908.5254	24212.04133
2560	2.191751643	324115.4844	24233.54137
2560	2.242136738	324149.0677	24253.13093
2560	2.292521834	390922.2582	24271.04886
2560	2.342906929	390944.4142	24287.4959
2560	2.393292024	333947.6434	24302.64188
2560	2.443677119	391047.6473	24316.63135
2560	2.494062215	334001.5608	24329.58801
2560	2.54444731	340196.5863	24341.61829
2560	2.594832405	324386.3995	24352.81426
2560	2.6452175	391176.4452	24363.25591
2560	2.695602596	332222.1042	24373.01307
2560	2.745987691	332238.1019	24382.14695
2560	2.796372786	389385.6204	24390.68232
2560	2.846757881	389396.6867	24398.72664
2560	2.897142977	389407.1064	24406.29159
2560	2.947528072	432940.3342	24413.41455
2560	2.997913167	412822.2405	24420.12907
2560	3.048298262	337310.8931	24426.46523
2560	3.098683358	335076.112	24432.45007
2560	3.149068453	335086.145	24438.10796
2560	3.199453548	335095.644	24443.46094
2560	3.249838643	335104.6429	24448.52899
2560	3.300223739	335113.173	24453.33028
2560	3.350608834	335121.2626	24457.8814
2560	3.400993929	335128.9376	24462.19746
2560	3.451379024	335136.222	24466.29238
2560	3.50176412	335143.1378	24470.17887
2560	3.552149215	335149.7052	24473.86867
2560	3.60253431	335155.943	24477.37262
2560	3.652919405	335161.8687	24480.70075
2560	3.703304501	335167.6111	24483.86233
2560	3.753689596	335172.9696	24486.92608
2560	3.804074691	335178.0444	24489.78504
2560	3.854459786	335183.2717	24492.49266
2560	3.904844882	335187.447	24495.28158
2560	3.955229977	335192.0047	24497.50927
2560	4.005615072	335196.3454	24499.94098
2560	4.056000167	335200.0542	24502.25688
2560	4.106385263	335203.7759	24504.23566
2560	4.156770358	335207.1273	24506.22136
2560	4.207155453	335210.6579	24508.00944
2560	4.257540548	335213.8342	24509.89315
2560	4.307925643	335216.8509	24511.58783
2560	4.358310739	335219.7021	24513.19733
2560	4.408695834	335222.396	24514.71856
2560	4.459080929	335224.9497	24516.15582
2560	4.509466024	335227.373	24517.51836
2560	4.55985112	335229.6566	24518.81123
2560	4.610236215	335231.8134	24520.02965
2560	4.66062131	335233.8489	24521.18039
2560	4.711006405	335235.7682	24522.26637
2560	4.761391501	335237.5764	24523.29039
2560	4.811776596	335239.2783	24524.25514
2560	4.862161691	335240.8788	24525.16318
2560	4.912546786	335242.3818	24526.01708
2560	4.962931882	335243.7919	24526.819
2560	5.013316977	336832.1524	24527.57132
2570	1.990211262	388666.3354	24129.39106
2570	2.040596357	331793.753	24158.52707
2570	2.090981453	331838.2658	24184.81737
2570	2.141366548	331878.6607	24208.56653
2570	2.191751643	331915.4735	24230.1187
2570	2.242136738	409175.1903	24249.75969
2570	2.292521834	334956.6593	24267.72821
2570	2.342906929	394793.4269	24284.22489
2570	2.393292024	394813.9609	24299.41957
2570	2.443677119	394832.9827	24313.45676
2570	2.494062215	394850.6481	24326.4602
2570	2.54444731	394867.0918	24338.53637
2570	2.594832405	332172.8727	24349.77738
2570	2.6452175	389298.9991	24360.26327
2570	2.695602596	389312.4231	24370.06393
2570	2.745987691	332232.3196	24379.24063
2570	2.796372786	346573.0627	24387.8473
2570	2.846757881	340594.2251	24395.90364
2570	2.897142977	324492.2917	24403.50949
2570	2.947528072	340334.7095	24410.67308
2570	2.997913167	327630.5189	24417.42782
2570	3.048298262	394455.8337	24423.80384
2570	3.098683358	417670.7497	24429.82822
2570	3.149068453	417680.8558	24435.52536
2570	3.199453548	417690.4275	24440.91734
2570	3.249838643	417699.4989	24446.02419
2570	3.300223739	417708.1011	24450.86411
2570	3.350608834	417716.2625	24455.45369
2570	3.400993929	417724.0092	24459.80811
2570	3.451379024	417731.3652	24463.94128
2570	3.50176412	417738.3525	24467.86597
2570	3.552149215	417744.9913	24471.59392
2570	3.60253431	417751.3006	24475.13599
2570	3.652919405	417757.2977	24478.50222
2570	3.703304501	417763.1141	24481.70192
2570	3.753689596	417768.5444	24484.80515
2570	3.804074691	417773.6908	24487.70241
2570	3.854459786	417779.0034	24490.44824
2570	3.904844882	417783.237	24493.28268
2570	3.955229977	417788.0288	24495.54147
2570	4.005615072	417792.198	24498.09808
2570	4.056000167	417796.2757	24500.32249
2570	4.106385263	417800.0217	24502.49806
2570	4.156770358	417803.4591	24504.49672
2570	4.207155453	417806.883	24506.33068
2570	4.257540548	417810.1317	24508.15746
2570	4.307925643	417813.2215	24509.89077
2570	4.358310739	417816.146	24511.53928
2570	4.408695834	417818.9132	24513.09959
2570	4.459080929	417821.5406	24514.57601
2570	4.509466024	417824.0376	24515.97781
2570	4.55985112	417826.3952	24517.31007
2570	4.610236215	417828.6261	24518.56794
2570	4.66062131	417830.7358	24519.75822
2570	4.711006405	417832.7296	24520.88382
2570	4.761391501	417834.6123	24521.94755
2570	4.811776596	417836.389	24522.95208
2570	4.862161691	417838.0642	24523.89998
2570	4.912546786	417839.6422	24524.7938
2570	4.962931882	417841.1273	24525.63571
2570	5.013316977	331752.2738	24526.42807
2580	1.990211262	388653.9016	24125.76637
2580	2.040596357	432357.305	24154.95362
2580	2.090981453	327132.079	24181.29611
2580	2.141366548	322192.1182	24205.09742
2580	2.191751643	395358.0238	24226.70132
2580	2.242136738	395384.3821	24246.39336
2580	2.292521834	388979.5337	24264.41208
2580	2.342906929	332032.5759	24280.95806
2580	2.393292024	332058.9744	24296.20108
2580	2.443677119	332083.4337	24310.28568
2580	2.494062215	332106.1534	24323.33559
2580	2.54444731	332127.3061	24335.45735
2580	2.594832405	340181.9743	24346.74311
2580	2.6452175	324370.6671	24357.27296
2580	2.695602596	391182.4737	24367.11684
2580	2.745987691	391195.1251	24376.33608
2580	2.796372786	332241.5087	24384.98468
2580	2.846757881	389387.6699	24393.08168
2580	2.897142977	389398.208	24400.72835
2580	2.947528072	389408.1475	24407.93232
2580	2.997913167	332301.9229	24414.72702
2580	3.048298262	351309.534	24421.14264
2580	3.098683358	358375.2926	24427.20628
2580	3.149068453	349779.5536	24432.9424
2580	3.199453548	349789.1975	24438.37312
2580	3.249838643	349798.3407	24443.51849
2580	3.300223739	349807.0145	24448.39675
2580	3.350608834	349815.2473	24453.02453
2580	3.400993929	349823.0652	24457.41703
2580	3.451379024	349830.4922	24461.58817
2580	3.50176412	349837.5504	24465.55076
2580	3.552149215	349844.2601	24469.31656
2580	3.60253431	349850.6402	24472.89644
2580	3.652919405	349856.7082	24476.30047
2580	3.703304501	349862.4803	24479.53796
2580	3.753689596	349868.0967	24482.61757
2580	3.804074691	349873.3169	24485.61414
2580	3.854459786	349878.7142	24488.39929
2580	3.904844882	349883.0054	24491.27895
2580	3.955229977	349887.8812	24493.56848
2580	4.005615072	349892.1327	24496.16987
2580	4.056000167	349896.2926	24498.43819
2580	4.106385263	349900.1202	24500.65766
2580	4.156770358	349903.586	24502.69983
2580	4.207155453	349907.0819	24504.54897
2580	4.257540548	349910.4028	24506.41415
2580	4.307925643	349913.565	24508.18598
2580	4.358310739	349916.562	24509.87311
2580	4.408695834	349919.4078	24511.47212
2580	4.459080929	349922.1021	24512.99047
2580	4.509466024	349924.6721	24514.42796
2580	4.55985112	349927.1029	24515.79919
2580	4.610236215	349929.4072	24517.0961
2580	4.66062131	349931.5903	24518.3255
2580	4.711006405	349933.6577	24519.4903
2580	4.761391501	349935.6142	24520.5933
2580	4.811776596	349937.4647	24521.63717
2580	4.862161691	349939.2138	24522.62448
2580	4.912546786	349940.866	24523.55769
2580	4.962931882	349942.4254	24524.43923
2580	5.013316977	308645.5567	24525.27119
2590	1.990211262	390417.3748	24122.14276
2590	2.040596357	331683.4833	24151.38674
2590	2.090981453	339747.2826	24177.78099
2590	2.141366548	409008.2088	24201.63403
2590	2.191751643	403283.9747	24223.28924
2590	2.242136738	375715.8243	24243.03193
2590	2.292521834	331916.1979	24261.10049
2590	2.342906929	331944.8577	24277.69542
2590	2.393292024	331971.3445	24292.98646
2590	2.443677119	331995.8903	24307.11813
2590	2.494062215	389092.6029	24320.21422
2590	2.54444731	389109.1771	24332.38127
2590	2.594832405	389124.6443	24343.71148
2590	2.6452175	389139.1071	24354.285
2590	2.695602596	332106.1376	24364.17183
2590	2.745987691	389239.8742	24373.43334
2590	2.796372786	389251.8208	24382.12359
2590	2.846757881	332158.9531	24390.29036
2590	2.897142977	332172.5302	24397.94845
2590	2.947528072	332185.3398	24405.19232
2590	2.997913167	332197.4382	24412.02672
2590	3.048298262	340257.1747	24418.48166
2590	3.098683358	327551.8573	24424.5843
2590	3.149068453	325319.1987	24430.35915
2590	3.199453548	325328.9143	24435.82834
2590	3.249838643	325338.1289	24441.01196
2590	3.300223739	325346.8737	24445.92829
2590	3.350608834	325355.1774	24450.59399
2590	3.400993929	325363.0659	24455.02428
2590	3.451379024	325370.5635	24459.23311
2590	3.50176412	325377.692	24463.23332
2590	3.552149215	325384.4721	24467.03666
2590	3.60253431	325390.9224	24470.65407
2590	3.652919405	325397.0607	24474.09559
2590	3.703304501	325402.9031	24477.37057
2590	3.753689596	325408.4787	24480.48768
2590	3.804074691	325414.2761	24483.46247
2590	3.854459786	325418.9194	24486.55563
2590	3.904844882	325424.001	24489.03301
2590	3.955229977	325428.6981	24491.7442
2590	4.005615072	325433.0316	24494.25029
2590	4.056000167	325436.9645	24496.56236
2590	4.106385263	325440.9015	24498.66071
2590	4.156770358	325444.4966	24500.76123
2590	4.207155453	325448.2153	24502.67937
2590	4.257540548	325451.6081	24504.66342
2590	4.307925643	325454.842	24506.47362
2590	4.358310739	325457.9108	24508.199
2590	4.408695834	325460.8285	24509.8363
2590	4.459080929	325463.5949	24511.39305
2590	4.509466024	325466.2372	24512.86898
2590	4.55985112	325468.7404	24514.27878
2590	4.610236215	325471.1172	24515.61432
2590	4.66062131	325473.3731	24516.88243
2590	4.711006405	325475.5132	24518.08601
2590	4.761391501	325477.5427	24519.22786
2590	4.811776596	325479.4662	24520.31065
2590	4.862161691	325481.2885	24521.33693
2590	4.912546786	325483.014	24522.30918
2590	4.962931882	325484.6467	24523.22982
2590	5.013316977	394054.3855	24524.10092
2600	1.990211262	394097.2913	24118.49578
2600	2.040596357	331673.7881	24147.82646
2600	2.090981453	331718.5917	24174.27202
2600	2.141366548	331759.2751	24198.17634
2600	2.191751643	331796.3728	24219.88245
2600	2.242136738	331830.3312	24239.67542
2600	2.292521834	331861.5259	24257.79346
2600	2.342906929	331890.275	24274.43699
2600	2.393292024	389006.2226	24289.77571
2600	2.443677119	331982.5307	24303.95415
2600	2.494062215	332005.4196	24317.09609
2600	2.54444731	389115.2954	24329.30814
2600	2.594832405	389130.8262	24340.68252
2600	2.6452175	432698.9271	24351.29943
2600	2.695602596	432716.3646	24361.22893
2600	2.745987691	327438.89	24370.53245
2600	2.796372786	327454.2733	24379.2641
2600	2.846757881	389276.4295	24387.47169
2600	2.897142977	332166.4967	24395.1694
2600	2.947528072	332179.3802	24402.45312
2600	2.997913167	389337.2366	24409.32696
2600	3.048298262	389346.2204	24415.82097
2600	3.098683358	332221.0028	24421.96236
2600	3.149068453	389388.6088	24427.77566
2600	3.199453548	417592.31	24433.28305
2600	3.249838643	417601.5955	24438.50466
2600	3.300223739	417610.4109	24443.4588
2600	3.350608834	417618.7848	24448.16214
2600	3.400993929	417626.7435	24452.62994
2600	3.451379024	417634.311	24456.87618
2600	3.50176412	417641.5094	24460.91372
2600	3.552149215	417648.3592	24464.75433
2600	3.60253431	417654.8793	24468.40895
2600	3.652919405	417661.0872	24471.88768
2600	3.703304501	417666.9993	24475.19984
2600	3.753689596	417672.6448	24478.35414
2600	3.804074691	417678.0084	24481.36624
2600	3.854459786	417683.4384	24484.22789
2600	3.904844882	417688.0898	24487.12503
2600	3.955229977	417693.1317	24489.60671
2600	4.005615072	417697.5461	24492.29674
2600	4.056000167	417701.5539	24494.65198
2600	4.106385263	417705.5613	24496.79028
2600	4.156770358	417709.3784	24498.92836
2600	4.207155453	417713.0167	24500.96497
2600	4.257540548	417716.4799	24502.90612
2600	4.307925643	417719.7847	24504.75385
2600	4.358310739	417722.9246	24506.51709
2600	4.408695834	417725.9136	24508.19233
2600	4.459080929	417728.8955	24509.78707
2600	4.509466024	417731.4601	24511.37805
2600	4.55985112	417734.04	24512.74636
2600	4.610236215	417736.4886	24514.12281
2600	4.66062131	417738.8163	24515.42921
2600	4.711006405	417741.0285	24516.67115
2600	4.761391501	417743.1301	24517.85143
2600	4.811776596	417745.1259	24518.97272
2600	4.862161691	417747.0206	24520.03756
2600	4.912546786	417748.8186	24521.04841
2600	4.962931882	417750.5238	24522.00772
2600	5.013316977	394042.7271	24522.91752
2610	1.990211262	331606.6948	24114.89084
2610	2.040596357	339670.9867	24144.27281
2610	2.090981453	408918.8234	24170.76919
2610	2.141366548	333629.8599	24194.72437
2610	2.191751643	331800.2147	24216.48099
2610	2.242136738	331834.2651	24236.32384
2610	2.292521834	331865.5503	24254.49099
2610	2.342906929	331894.3882	24271.18278
2610	2.393292024	331921.0497	24286.56886
2610	2.443677119	331945.7669	24300.79374
2610	2.494062215	331968.7395	24313.98125
2610	2.54444731	331990.1406	24326.23799
2610	2.594832405	389135.9429	24337.65626
2610	2.6452175	332069.1935	24348.31629
2610	2.695602596	389193.0854	24358.28819
2610	2.745987691	332108.2308	24367.63345
2610	2.796372786	332123.6902	24376.40622
2610	2.846757881	332138.246	24384.65439
2610	2.897142977	389287.8004	24392.42044
2610	2.947528072	353224.1273	24399.71497
2610	2.997913167	369126.0548	24406.62779
2610	3.048298262	369135.0949	24413.16062
2610	3.098683358	369143.6547	24419.34049
2610	3.149068453	328633.1912	24425.19199
2610	3.199453548	335068.2273	24430.73732
2610	3.249838643	335077.5831	24435.99666
2610	3.300223739	335086.4686	24440.98833
2610	3.350608834	335094.9123	24445.72905
2610	3.400993929	335102.9406	24450.23409
2610	3.451379024	335110.5775	24454.51746
2610	3.50176412	335117.8452	24458.59205
2610	3.552149215	335124.7643	24462.46964
2610	3.60253431	335131.3535	24466.16119
2610	3.652919405	335137.6306	24469.67682
2610	3.703304501	335143.6118	24473.02587
2610	3.753689596	335149.3267	24476.21706
2610	3.804074691	335154.7594	24479.26616
2610	3.854459786	335160.2619	24482.16472
2610	3.904844882	335164.8795	24485.1005
2610	3.955229977	335169.8956	24487.56413
2610	4.005615072	335174.648	24490.24039
2610	4.056000167	335178.7958	24492.77597
2610	4.106385263	335182.7326	24494.98902
2610	4.156770358	335186.6194	24497.08945
2610	4.207155453	335190.3277	24499.1632
2610	4.257540548	335193.861	24501.14169
2610	4.307925643	335197.2293	24503.02683
2610	4.358310739	335200.4463	24504.82394
2610	4.408695834	335203.5059	24506.54035
2610	4.459080929	335206.5669	24508.17272
2610	4.509466024	335209.1938	24509.80592
2610	4.55985112	335211.8446	24511.20745
2610	4.610236215	335214.3642	24512.62174
2610	4.66062131	335216.7631	24513.96603
2610	4.711006405	335219.0465	24515.24594
2610	4.761391501	335221.2195	24516.46424
2610	4.811776596	335223.2868	24517.62361
2610	4.862161691	335225.253	24518.72658
2610	4.912546786	335227.1225	24519.77561
2610	4.962931882	335228.8996	24520.77305
2610	5.013316977	339543.233	24521.72122
2620	1.990211262	408620.7675	24111.29291
2620	2.040596357	331744.897	24140.72575
2620	2.090981453	388755.9871	24167.2725
2620	2.141366548	388787.8866	24191.27812
2620	2.191751643	432474.5078	24213.08484
2620	2.242136738	324118.0901	24232.9772
2620	2.292521834	324149.4651	24251.19311
2620	2.342906929	340008.1487	24267.93282
2620	2.393292024	327318.7555	24283.36592
2620	2.443677119	322363.1047	24297.63694
2620	2.494062215	340082.7545	24310.8697
2620	2.54444731	409425.1497	24323.17086
2620	2.594832405	432746.7762	24334.63272
2620	2.6452175	327473.7427	24345.3356
2620	2.695602596	322510.8834	24355.34963
2620	2.745987691	389299.0694	24364.73637
2620	2.796372786	332208.2696	24373.55
2620	2.846757881	332222.9	24381.83848
2620	2.897142977	332236.6445	24389.64434
2620	2.947528072	389388.6468	24396.97753
2620	2.997913167	389398.2596	24403.92927
2620	3.048298262	389407.3556	24410.50065
2620	3.098683358	432933.2598	24416.71876
2620	3.149068453	412814.8385	24422.60819
2620	3.199453548	332319.442	24428.19121
2620	3.249838643	335078.8952	24433.48801
2620	3.300223739	335087.8502	24438.51696
2620	3.350608834	335096.3633	24443.29478
2620	3.400993929	335104.4606	24447.8368
2620	3.451379024	335112.1664	24452.15703
2620	3.50176412	335119.5029	24456.26836
2620	3.552149215	335126.4907	24460.18267
2620	3.60253431	335133.1486	24463.91087
2620	3.652919405	335139.4942	24467.46311
2620	3.703304501	335145.544	24470.84875
2620	3.753689596	335151.3277	24474.07652
2620	3.804074691	335156.829	24477.16232
2620	3.854459786	335162.0607	24480.09748
2620	3.904844882	335167.404	24482.88879
2620	3.955229977	335171.8642	24485.73962
2620	4.005615072	335176.7266	24488.11932
2620	4.056000167	335181.0727	24490.71361
2620	4.106385263	335185.2183	24493.0324
2620	4.156770358	335189.1746	24495.24423
2620	4.207155453	335192.9521	24497.35503
2620	4.257540548	335196.5549	24499.37051
2620	4.307925643	335199.9928	24501.29271
2620	4.358310739	335203.2795	24503.12693
2620	4.408695834	335206.4088	24504.88054
2620	4.459080929	335209.5484	24506.55015
2620	4.509466024	335212.2368	24508.22523
2620	4.55985112	335214.9577	24509.65957
2620	4.610236215	335217.5476	24511.1113
2620	4.66062131	335220.0169	24512.4931
2620	4.711006405	335222.3709	24513.81057
2620	4.761391501	335224.6145	24515.06649
2620	4.811776596	335226.7525	24516.26352
2620	4.862161691	335228.7894	24517.40422
2620	4.912546786	335230.7298	24518.49101
2620	4.962931882	335232.5779	24519.52625
2620	5.013316977	336778.4087	24520.51228
2630	1.990211262	388591.2053	24107.70198
2630	2.040596357	331735.1695	24137.18528
2630	2.090981453	388743.813	24163.78195
2630	2.141366548	331834.5394	24187.83759
2630	2.191751643	331871.9155	24209.69402
2630	2.242136738	331906.148	24229.63551
2630	2.292521834	395388.6112	24247.89982
2630	2.342906929	332020.5703	24264.68711
2630	2.393292024	332047.4042	24280.16691
2630	2.443677119	332072.2905	24294.48376
2630	2.494062215	389138.8718	24307.76148
2630	2.54444731	389155.7019	24320.10676
2630	2.594832405	332120.99	24331.61195
2630	2.6452175	332139.8376	24342.35739
2630	2.695602596	332157.5083	24352.41329
2630	2.745987691	332174.1037	24361.84124
2630	2.796372786	332189.7137	24370.69549
2630	2.846757881	332204.4183	24379.02402
2630	2.897142977	332218.2884	24386.86944
2630	2.947528072	332231.3371	24394.26966
2630	2.997913167	332243.7252	24401.23164
2630	3.048298262	332255.4509	24407.84112
2630	3.098683358	361217.3823	24414.09721
2630	3.149068453	316064.733	24420.02433
2630	3.199453548	361243.2382	24425.64478
2630	3.249838643	341794.7435	24430.97879
2630	3.300223739	341803.7676	24436.04474
2630	3.350608834	341812.3494	24440.85941
2630	3.400993929	341820.5153	24445.43813
2630	3.451379024	341828.2895	24449.79495
2630	3.50176412	341835.6943	24453.94278
2630	3.552149215	341842.7502	24457.89351
2630	3.60253431	341849.4762	24461.65807
2630	3.652919405	341855.8899	24465.24663
2630	3.703304501	341862.0076	24468.66857
2630	3.753689596	341867.8595	24471.93263
2630	3.804074691	341873.4289	24475.05482
2630	3.854459786	341878.7413	24478.02628
2630	3.904844882	341884.1568	24480.86067
2630	3.955229977	341889.0644	24483.75002
2630	4.005615072	341893.2966	24486.36841
2630	4.056000167	341898.017	24488.62645
2630	4.106385263	341902.2309	24491.14492
2630	4.156770358	341906.2557	24493.39321
2630	4.207155453	341910.102	24495.54061
2630	4.257540548	341913.7735	24497.59274
2630	4.307925643	341917.2803	24499.55163
2630	4.358310739	341920.6361	24501.42261
2630	4.408695834	341923.8345	24503.21305
2630	4.459080929	341927.052	24504.91954
2630	4.509466024	341929.8011	24506.63616
2630	4.55985112	341932.5915	24508.1029
2630	4.610236215	341935.2509	24509.59169
2630	4.66062131	341937.7899	24511.01061
2630	4.711006405	341940.2136	24512.36524
2630	4.761391501	341942.5271	24513.65838
2630	4.811776596	341944.735	24514.89268
2630	4.862161691	341946.842	24516.07069
2630	4.912546786	341948.8524	24517.19484
2630	4.962931882	341950.7706	24518.26747
2630	5.013316977	316447.0636	24519.29092
2640	1.990211262	388579.111	24104.11805
2640	2.040596357	428721.0168	24133.6514
2640	2.090981453	405400.4042	24160.29755
2640	2.141366548	330119.4198	24184.40278
2640	2.191751643	387151.7413	24206.30853
2640	2.242136738	403776.9507	24226.29879
2640	2.292521834	331306.3628	24244.61114
2640	2.342906929	332977.0979	24261.44567
2640	2.393292024	405720.1708	24276.97186
2640	2.443677119	330331.8668	24291.33423
2640	2.494062215	387422.176	24304.65661
2640	2.54444731	328516.656	24317.04572
2640	2.594832405	328536.8753	24328.59396
2640	2.6452175	385651.3994	24339.3817
2640	2.695602596	429202.8615	24349.4792
2640	2.745987691	405946.8565	24358.9481
2640	2.796372786	330486.0961	24367.8427
2640	2.846757881	342958.2877	24376.21105
2640	2.897142977	410319.423	24384.09576
2640	2.947528072	410329.6624	24391.53483
2640	2.997913167	410339.3866	24398.53454
2640	3.048298262	329273.7444	24405.18208
2640	3.098683358	329284.9236	24411.47589
2640	3.149068453	329295.5277	24417.44045
2640	3.199453548	386462.722	24423.09808
2640	3.249838643	329321.2809	24428.46904
2640	3.300223739	331506.5191	24433.57174
2640	3.350608834	331515.1692	24438.423
2640	3.400993929	331523.4032	24443.03816
2640	3.451379024	331531.2453	24447.43131
2640	3.50176412	331538.7179	24451.61536
2640	3.552149215	331545.8414	24455.60223
2640	3.60253431	331552.6349	24459.40288
2640	3.652919405	331559.1161	24463.02748
2640	3.703304501	331565.3013	24466.48543
2640	3.753689596	331571.2209	24469.78548
2640	3.804074691	331576.8577	24472.94377
2640	3.854459786	331582.2412	24475.95123
2640	3.904844882	331587.7374	24478.82352
2640	3.955229977	331592.2995	24481.75595
2640	4.005615072	331597.3047	24484.18997
2640	4.056000167	331601.8186	24486.86045
2640	4.106385263	331606.0674	24489.26878
2640	4.156770358	331610.1616	24491.53565
2640	4.207155453	331614.0759	24493.72006
2640	4.257540548	331617.8156	24495.80851
2640	4.307925643	331621.3906	24497.80375
2640	4.358310739	331624.8147	24499.71113
2640	4.408695834	331628.0816	24501.53805
2640	4.459080929	331631.3763	24503.28106
2640	4.509466024	331634.1913	24505.03887
2640	4.55985112	331637.0445	24506.54078
2640	4.610236215	331639.7728	24508.06308
2640	4.66062131	331642.3807	24509.51873
2640	4.711006405	331644.8735	24510.91015
2640	4.761391501	331647.256	24512.24011
2640	4.811776596	331649.5331	24513.51128
2640	4.862161691	331651.7093	24514.7262
2640	4.912546786	331653.7891	24515.8873
2640	4.962931882	331655.7765	24516.99691
2640	5.013316977	328116.215	24518.05727
2650	1.990211262	328171.662	24100.5411
2650	2.040596357	328221.6964	24130.12409
2650	2.090981453	328266.9687	24156.81929
2650	2.141366548	328308.118	24180.97371
2650	2.191751643	328345.6762	24202.92837
2650	2.242136738	328380.0882	24222.96703
2650	2.292521834	328411.7288	24241.32708
2650	2.342906929	328440.9157	24258.20851
2650	2.393292024	385467.5995	24273.78077
2650	2.443677119	429061.8896	24288.18835
2650	2.494062215	320685.4509	24301.55511
2650	2.54444731	387445.4216	24313.98777
2650	2.594832405	387461.2637	24325.57877
2650	2.6452175	387476.0951	24336.40855
2650	2.695602596	328573.5858	24346.54739
2650	2.745987691	328590.332	24356.05699
2650	2.796372786	385719.9444	24364.99169
2650	2.846757881	328628.0022	24373.39959
2650	2.897142977	328642.0175	24381.32336
2650	2.947528072	328655.2072	24388.80103
2650	2.997913167	328667.7375	24395.83822
2650	3.048298262	328679.6041	24402.52357
2650	3.098683358	336737.0866	24408.85487
2650	3.149068453	320918.0023	24414.85661
2650	3.199453548	336757.8953	24420.55117
2650	3.249838643	409244.5192	24425.95882
2650	3.300223739	410318.7696	24431.09803
2650	3.350608834	410327.4875	24435.98561
2650	3.400993929	410335.7891	24440.63696
2650	3.451379024	410343.6986	24445.06616
2650	3.50176412	410351.2384	24449.28617
2650	3.552149215	410358.429	24453.30892
2650	3.60253431	410365.2896	24457.14538
2650	3.652919405	410371.8377	24460.80573
2650	3.703304501	410378.0899	24464.29941
2650	3.753689596	410384.0765	24467.63517
2650	3.804074691	410389.7802	24470.82926
2650	3.854459786	410395.2307	24473.87241
2650	3.904844882	410400.8071	24476.78041
2650	3.955229977	410405.423	24479.75566
2650	4.005615072	410410.3979	24482.21838
2650	4.056000167	410415.0461	24484.87269
2650	4.106385263	410419.5627	24487.35266
2650	4.156770358	410423.5558	24489.76242
2650	4.207155453	410427.5387	24491.89289
2650	4.257540548	410431.3459	24494.01794
2650	4.307925643	410434.9884	24496.0492
2650	4.358310739	410438.4803	24497.99264
2650	4.408695834	410441.815	24499.85569
2650	4.459080929	410445.1862	24501.63485
2650	4.509466024	410448.0605	24503.43354
2650	4.55985112	410450.9817	24504.96706
2650	4.610236215	410453.7782	24506.52565
2650	4.66062131	410456.4543	24508.01765
2650	4.711006405	410459.0154	24509.44547
2650	4.761391501	410461.4663	24510.81188
2650	4.811776596	410463.8118	24512.11953
2650	4.862161691	410466.0566	24513.37097
2650	4.912546786	410468.2048	24514.56861
2650	4.962931882	410470.2609	24515.7148
2650	5.013316977	397025.8907	24516.81177
2660	1.990211262	390187.0917	24096.93109
2660	2.040596357	331542.9894	24126.60317
2660	2.090981453	388544.3158	24153.34717
2660	2.141366548	331642.9885	24177.55037
2660	2.191751643	331680.6367	24199.55357
2660	2.242136738	331715.1374	24219.64025
2660	2.292521834	339769.1557	24238.04765
2660	2.342906929	327082.2872	24254.97566
2660	2.393292024	388865.709	24270.59367
2660	2.443677119	388885.3268	24285.04616
2660	2.494062215	331883.5343	24298.45699
2660	2.54444731	331905.3388	24310.93293
2660	2.594832405	331925.7152	24322.56643
2660	2.6452175	389039.3716	24333.43797
2660	2.695602596	331974.5685	24343.61789
2660	2.745987691	331991.3894	24353.16793
2660	2.796372786	332007.2219	24362.14248
2660	2.846757881	332022.146	24370.58968
2660	2.897142977	332036.2332	24378.55226
2660	2.947528072	332049.5472	24386.06829
2660	2.997913167	340104.6864	24393.17179
2660	3.048298262	324286.865	24399.86586
2660	3.098683358	324298.1832	24406.23418
2660	3.149068453	391125.3912	24412.27286
2660	3.199453548	333992.688	24418.0041
2660	3.249838643	334002.3883	24423.4482
2660	3.300223739	340196.4667	24428.62366
2660	3.350608834	323152.2863	24433.54732
2660	3.400993929	323160.6549	24438.23459
2660	3.451379024	323168.6313	24442.69959
2660	3.50176412	323176.2378	24446.95529
2660	3.552149215	323183.4951	24451.01363
2660	3.60253431	323190.4221	24454.88564
2660	3.652919405	323197.0367	24458.58148
2660	3.703304501	323203.3553	24462.11061
2660	3.753689596	323209.4085	24465.48178
2660	3.804074691	323215.1786	24468.71139
2660	3.854459786	323220.6954	24471.78994
2660	3.904844882	323226.3516	24474.73335
2660	3.955229977	323231.0206	24477.75115
2660	4.005615072	323236.0625	24480.24223
2660	4.056000167	323240.8685	24482.93228
2660	4.106385263	323245.1959	24485.49648
2660	4.156770358	323249.3371	24487.80529
2660	4.207155453	323253.4707	24490.01476
2660	4.257540548	323257.3466	24492.22021
2660	4.307925643	323261.0561	24494.28812
2660	4.358310739	323264.615	24496.26729
2660	4.408695834	323268.0168	24498.16611
2660	4.459080929	323271.2691	24499.98108
2660	4.509466024	323274.3959	24501.7163
2660	4.55985112	323277.3854	24503.38454
2660	4.610236215	323280.2493	24504.97958
2660	4.66062131	323282.993	24506.50756
2660	4.711006405	323285.6216	24507.97141
2660	4.761391501	323288.1402	24509.37388
2660	4.811776596	323290.5534	24510.71763
2660	4.862161691	323292.8659	24512.00519
2660	4.912546786	323295.082	24513.23899
2660	4.962931882	323297.2059	24514.42137
2660	5.013316977	323726.7731	24515.55454
2670	1.990211262	323782.466	24093.36883
2670	2.040596357	390325.9625	24123.08302
2670	2.090981453	432157.7063	24149.88113
2670	2.141366548	326929.8205	24174.13275
2670	2.191751643	321987.1053	24196.18411
2670	2.242136738	322021.6942	24216.31845
2670	2.292521834	322053.5088	24234.77287
2670	2.342906929	395242.4609	24251.74712
2670	2.393292024	432470.9437	24267.41057
2670	2.443677119	324098.9606	24281.90767
2670	2.494062215	390798.2808	24295.36229
2670	2.54444731	333766.6679	24307.88122
2670	2.594832405	333787.1221	24319.55695
2670	2.6452175	346256.3616	24330.46999
2670	2.695602596	327600.4075	24340.69074
2670	2.745987691	340012.5359	24350.28096
2670	2.796372786	327312.3005	24359.29511
2670	2.846757881	327327.2969	24367.78137
2670	2.897142977	389154.4113	24375.78252
2670	2.947528072	332052.5965	24383.33666
2670	2.997913167	389195.3182	24390.47786
2670	3.048298262	332080.8722	24397.23668
2670	3.098683358	332092.2588	24403.61407
2670	3.149068453	389248.8673	24409.68925
2670	3.199453548	332118.1312	24415.45693
2670	3.249838643	332127.899	24420.93724
2670	3.300223739	340188.5695	24426.14869
2670	3.350608834	323142.2287	24431.10817
2670	3.400993929	323150.664	24435.83111
2670	3.451379024	323158.7068	24440.33165
2670	3.50176412	323166.3795	24444.62278
2670	3.552149215	323173.7029	24448.71647
2670	3.60253431	323180.6959	24452.62375
2670	3.652919405	323187.3765	24456.3548
2670	3.703304501	323193.7609	24459.9191
2670	3.753689596	323199.8801	24463.32542
2670	3.804074691	323205.716	24466.59025
2670	3.854459786	323211.2986	24469.70391
2670	3.904844882	323217.0341	24472.68244
2670	3.955229977	323221.7556	24475.74253
2670	4.005615072	323226.8639	24478.26161
2670	4.056000167	323231.7475	24480.98711
2670	4.106385263	323236.2924	24483.59268
2670	4.156770358	323240.4249	24486.01753
2670	4.207155453	323244.4549	24488.22239
2670	4.257540548	323248.4861	24490.37252
2670	4.307925643	323252.2569	24492.52334
2670	4.358310739	323255.8823	24494.53521
2670	4.408695834	323259.3505	24496.46948
2670	4.459080929	323262.6693	24498.31991
2670	4.509466024	323265.8558	24500.09061
2670	4.55985112	323268.919	24501.79068
2670	4.610236215	323271.8496	24503.42503
2670	4.66062131	323274.6601	24504.98863
2670	4.711006405	323277.3556	24506.48813
2670	4.761391501	323279.9412	24507.92629
2670	4.811776596	323282.4214	24509.30576
2670	4.862161691	323284.801	24510.62907
2670	4.912546786	323287.0842	24511.89865
2670	4.962931882	323289.2752	24513.11681
2670	5.013316977	326921.7633	24514.28579
2680	1.990211262	388365.8491	24089.81352
2680	2.040596357	331523.4499	24119.57431
2680	2.090981453	339584.1969	24146.42129
2680	2.141366548	408827.4669	24170.72088
2680	2.191751643	331667.4984	24192.82
2680	2.242136738	331702.1747	24213.00165
2680	2.292521834	331734.0754	24231.50273
2680	2.342906929	339787.6749	24248.52291
2680	2.393292024	323985.1722	24264.23149
2680	2.443677119	390749.8547	24278.7729
2680	2.494062215	331865.7638	24292.27102
2680	2.54444731	331887.7261	24304.83266
2680	2.594832405	331908.2576	24316.55035
2680	2.6452175	389017.7942	24327.50464
2680	2.695602596	331957.5015	24337.76595
2680	2.745987691	331974.4704	24347.39611
2680	2.796372786	331990.4488	24356.44962
2680	2.846757881	332005.5171	24364.9747
2680	2.897142977	332019.7467	24373.01416
2680	2.947528072	332033.2016	24380.60617
2680	2.997913167	389185.2969	24387.78484
2680	3.048298262	332072.8976	24394.58075
2680	3.098683358	340133.1754	24400.9942
2680	3.149068453	327427.9124	24407.10584
2680	3.199453548	340154.3926	24412.90971
2680	3.249838643	409511.9532	24418.42598
2680	3.300223739	407652.4237	24423.67318
2680	3.350608834	332142.6475	24428.66824
2680	3.400993929	334914.9267	24433.4266
2680	3.451379024	334923.0354	24437.96243
2680	3.50176412	334930.7739	24442.28873
2680	3.552149215	334938.1628	24446.4175
2680	3.60253431	334945.2214	24450.35978
2680	3.652919405	334951.9673	24454.12578
2680	3.703304501	334958.4171	24457.72497
2680	3.753689596	334964.6018	24461.16615
2680	3.804074691	334970.503	24464.46593
2680	3.854459786	334976.1508	24467.61442
2680	3.904844882	334981.9651	24470.62777
2680	3.955229977	334986.7385	24473.72989
2680	4.005615072	334991.9127	24476.27665
2680	4.056000167	334996.8733	24479.03729
2680	4.106385263	335001.2165	24481.68394
2680	4.156770358	335005.5812	24484.00122
2680	4.207155453	335009.8522	24486.32995
2680	4.257540548	335013.7772	24488.60868
2680	4.307925643	335017.7062	24490.70282
2680	4.358310739	335021.3926	24492.79907
2680	4.408695834	335024.9267	24494.76591
2680	4.459080929	335028.3114	24496.65148
2680	4.509466024	335031.5637	24498.45732
2680	4.55985112	335034.693	24500.19258
2680	4.610236215	335037.6898	24501.86217
2680	4.66062131	335040.5664	24503.46104
2680	4.711006405	335043.3281	24504.99583
2680	4.761391501	335045.9799	24506.46931
2680	4.811776596	335048.5265	24507.88413
2680	4.862161691	335050.9724	24509.24281
2680	4.912546786	335053.3219	24510.54778
2680	4.962931882	335055.5793	24511.80135
2680	5.013316977	400795.7671	24513.00575
2690	1.990211262	331298.4353	24086.26514
2690	2.040596357	388427.7968	24116.04186
2690	2.090981453	331559.7684	24142.96759
2690	2.141366548	339619.3399	24167.31474
2690	2.191751643	339657.2541	24189.46126
2690	2.242136738	408924.8405	24209.68986
2690	2.292521834	432319.5015	24228.23726
2690	2.342906929	327070.2323	24245.30303
2690	2.393292024	327097.5696	24261.05643
2690	2.443677119	388865.1255	24275.64186
2690	2.494062215	331850.2517	24289.18321
2690	2.54444731	331872.2921	24301.78729
2690	2.594832405	388969.9161	24313.54667
2690	2.6452175	432536.1936	24324.54194
2690	2.695602596	409270.148	24334.84356
2690	2.745987691	432581.4939	24344.51341
2690	2.796372786	409322.2436	24353.60603
2690	2.846757881	333864.5913	24362.16968
2690	2.897142977	332012.0551	24370.24723
2690	2.947528072	332025.5797	24377.87688
2690	2.997913167	389168.6515	24385.09277
2690	3.048298262	332058.3499	24391.92554
2690	3.098683358	332069.8208	24398.40274
2690	3.149068453	332080.7659	24404.52287
2690	3.199453548	364569.8351	24410.36249
2690	3.249838643	360613.2579	24415.91448
2690	3.300223739	311764.3709	24421.1972
2690	3.350608834	311773.3553	24426.22758
2690	3.400993929	323001.0681	24431.02111
2690	3.451379024	323009.2423	24435.59198
2690	3.50176412	323017.046	24439.9532
2690	3.552149215	323024.5001	24444.11679
2690	3.60253431	323031.6237	24448.09382
2690	3.652919405	323038.4345	24451.8945
2690	3.703304501	323044.9491	24455.52832
2690	3.753689596	323051.1988	24459.00409
2690	3.804074691	323057.1647	24462.33853
2690	3.854459786	323062.8773	24465.52156
2690	3.904844882	323068.7698	24468.56945
2690	3.955229977	323073.5945	24471.71334
2690	4.005615072	323078.834	24474.28745
2690	4.056000167	323083.8711	24477.08292
2690	4.106385263	323088.2675	24479.7704
2690	4.156770358	323092.697	24482.11603
2690	4.207155453	323096.7653	24484.47938
2690	4.257540548	323101.1125	24486.64993
2690	4.307925643	323104.9376	24488.96934
2690	4.358310739	323108.7691	24491.01017
2690	4.408695834	323112.3706	24493.05439
2690	4.459080929	323115.8205	24494.97592
2690	4.509466024	323119.1382	24496.81658
2690	4.55985112	323122.3329	24498.58668
2690	4.610236215	323125.395	24500.29118
2690	4.66062131	323128.3372	24501.92495
2690	4.711006405	323131.1644	24503.49468
2690	4.761391501	323133.8817	24505.00312
2690	4.811776596	323136.4939	24506.45291
2690	4.862161691	323139.0054	24507.8466
2690	4.912546786	323141.4206	24509.18658
2690	4.962931882	323143.7437	24510.47519
2690	5.013316977	404117.8379	24511.71463
2700	1.990211262	334618.6645	24082.72367
2700	2.040596357	334669.2218	24112.54583
2700	2.090981453	334714.9437	24139.52001
2700	2.141366548	334756.5408	24163.91433
2700	2.191751643	391931.792	24186.10788
2700	2.242136738	391958.991	24206.38307
2700	2.292521834	335034.6125	24224.97646
2700	2.342906929	335064.2223	24242.08751
2700	2.393292024	398527.3301	24257.88543
2700	2.443677119	392148.8913	24272.51458
2700	2.494062215	335156.8755	24286.09886
2700	2.54444731	343214.5543	24298.74511
2700	2.594832405	343235.2389	24310.54592
2700	2.6452175	330538.4811	24321.58191
2700	2.695602596	325576.2263	24331.9236
2700	2.745987691	325593.3413	24341.63289
2700	2.796372786	325609.4639	24350.76437
2700	2.846757881	325624.6745	24359.36636
2700	2.897142977	325639.0447	24367.48176
2700	2.947528072	343349.2326	24375.14881
2700	2.997913167	412715.339	24382.40169
2700	3.048298262	412724.8671	24389.27109
2700	3.098683358	335379.131	24395.78458
2700	3.149068453	392528.6183	24401.93999
2700	3.199453548	335403.7787	24407.81532
2700	3.249838643	343464.187	24413.40279
2700	3.300223739	412816.6755	24418.72078
2700	3.350608834	410956.9024	24423.78626
2700	3.400993929	410963.6397	24428.61471
2700	3.451379024	417030.9394	24433.22037
2700	3.50176412	417038.8079	24437.61626
2700	3.552149215	417046.3267	24441.81441
2700	3.60253431	417053.5147	24445.82593
2700	3.652919405	417060.39	24449.66102
2700	3.703304501	417066.9689	24453.32921
2700	3.753689596	417073.283	24456.8393
2700	3.804074691	417079.3132	24460.20813
2700	3.854459786	417085.09	24463.42543
2700	3.904844882	417091.0603	24466.50757
2700	3.955229977	417095.9356	24469.69298
2700	4.005615072	417101.4087	24472.29412
2700	4.056000167	417106.2596	24475.21419
2700	4.106385263	417111.0331	24477.80236
2700	4.156770358	417115.4816	24480.34916
2700	4.207155453	417119.6092	24482.72261
2700	4.257540548	417123.7522	24484.92486
2700	4.307925643	417127.8143	24487.13527
2700	4.358310739	417131.5494	24489.30259
2700	4.408695834	417135.2849	24491.29537
2700	4.459080929	417138.8088	24493.28838
2700	4.509466024	417142.1912	24495.16854
2700	4.55985112	417145.4507	24496.97316
2700	4.610236215	417148.5776	24498.71221
2700	4.66062131	417151.5845	24500.38054
2700	4.711006405	417154.4766	24501.98485
2700	4.761391501	417157.2589	24503.52789
2700	4.811776596	417159.9359	24505.01231
2700	4.862161691	417162.5124	24506.44063
2700	4.912546786	417164.9925	24507.81526
2700	4.962931882	417167.3806	24509.13852
2700	5.013316977	339853.4556	24510.41263
2710	1.990211262	342891.1364	24079.18911
2710	2.040596357	411959.8434	24109.05183
2710	2.090981453	336722.7663	24136.07852
2710	2.141366548	393725.8202	24160.51966
2710	2.191751643	435527.9981	24182.75986
2710	2.242136738	412216.7641	24203.08129
2710	2.292521834	412241.8604	24221.72034
2710	2.342906929	336926.3496	24238.87635
2710	2.393292024	336953.8502	24254.71848
2710	2.443677119	335112.5546	24269.39107
2710	2.494062215	392195.7028	24283.018
2710	2.54444731	335173.4729	24295.70615
2710	2.594832405	392263.5708	24307.54813
2710	2.6452175	335219.717	24318.62459
2710	2.695602596	392323.0587	24329.00609
2710	2.745987691	335260.4685	24338.75458
2710	2.796372786	392375.5981	24347.92469
2710	2.846757881	335296.6263	24356.56478
2710	2.897142977	392422.3048	24364.71779
2710	2.947528072	392432.9684	24372.422
2710	2.997913167	335343.7583	24379.71165
2710	3.048298262	335356.034	24386.61743
2710	3.098683358	392501.5763	24393.16698
2710	3.149068453	335383.8883	24399.38524
2710	3.199453548	335394.4265	24405.26847
2710	3.249838643	357913.4831	24410.89098
2710	3.300223739	311745.9176	24416.244
2710	3.350608834	384124.4377	24421.34432
2710	3.400993929	326983.0598	24426.20746
2710	3.451379024	338213.3534	24430.84766
2710	3.50176412	338221.2863	24435.27797
2710	3.552149215	338228.8691	24439.51045
2710	3.60253431	338236.1212	24443.55618
2710	3.652919405	338243.0604	24447.42544
2710	3.703304501	338249.7031	24451.12773
2710	3.753689596	338256.0812	24454.67187
2710	3.804074691	338262.1751	24458.07482
2710	3.854459786	338268.0156	24461.32612
2710	3.904844882	338274.0633	24464.44223
2710	3.955229977	338278.9886	24467.6689
2710	4.005615072	338284.538	24470.29675
2710	4.056000167	338289.4637	24473.25756
2710	4.106385263	338294.3117	24475.8856
2710	4.156770358	338298.834	24478.47219
2710	4.207155453	338302.9814	24480.885
2710	4.257540548	338307.1881	24483.09779
2710	4.307925643	338311.2287	24485.34222
2710	4.358310739	338315.1192	24487.49804
2710	4.408695834	338318.9152	24489.57376
2710	4.459080929	338322.444	24491.59903
2710	4.509466024	338325.9546	24493.48177
2710	4.55985112	338329.2732	24495.35485
2710	4.610236215	338332.4643	24497.1254
2710	4.66062131	338335.5354	24498.82797
2710	4.711006405	338338.4916	24500.46651
2710	4.761391501	338341.3381	24502.0438
2710	4.811776596	338344.0794	24503.56249
2710	4.862161691	338346.7202	24505.02508
2710	4.912546786	338349.2646	24506.43401
2710	4.962931882	338351.7169	24507.79156
2710	5.013316977	339842.5521	24509.09996
2720	1.990211262	391624.817	24075.66145
2720	2.040596357	391664.4223	24105.56873
2720	2.090981453	391700.2435	24132.6432
2720	2.141366548	435468.1921	24157.13074
2720	2.191751643	412149.0982	24179.41721
2720	2.242136738	336845.6816	24199.78454
2720	2.292521834	335011.0842	24218.46891
2720	2.342906929	398471.7527	24235.66957
2720	2.393292024	335104.7814	24251.55561
2720	2.443677119	335130.4016	24266.27134
2720	2.494062215	392184.506	24279.94066
2720	2.54444731	392201.8886	24292.67043
2720	2.594832405	392218.1505	24304.55332
2720	2.6452175	335211.0288	24315.67
2720	2.695602596	335229.3733	24326.09106
2720	2.745987691	335246.6326	24335.87851
2720	2.796372786	335262.8976	24345.08701
2720	2.846757881	343317.4246	24353.76496
2720	2.897142977	327502.1762	24361.95535
2720	2.947528072	325649.0712	24369.6965
2720	2.997913167	325662.0824	24377.02267
2720	3.048298262	325674.4253	24383.96462
2720	3.098683358	325686.1467	24390.55
2720	3.149068453	392509.1005	24396.80378
2720	3.199453548	392517.3765	24402.72156
2720	3.249838643	356622.0039	24408.37908
2720	3.300223739	319390.4487	24413.7669
2720	3.350608834	389157.7455	24418.90183
2720	3.400993929	332018.2275	24423.79942
2720	3.451379024	332026.5952	24428.47391
2720	3.50176412	338475.0517	24432.93841
2720	3.552149215	338482.6982	24437.20495
2720	3.60253431	338490.0139	24441.28466
2720	3.652919405	338497.0164	24445.18783
2720	3.703304501	338503.7225	24448.92395
2720	3.753689596	338510.1641	24452.50189
2720	3.804074691	338516.3211	24455.93869
2720	3.854459786	338522.2248	24459.22371
2720	3.904844882	338528.3494	24462.37352
2720	3.955229977	338533.3242	24465.64122
2720	4.005615072	338538.9494	24468.29545
2720	4.056000167	338543.9494	24471.29674
2720	4.106385263	338548.5719	24473.96439
2720	4.156770358	338553.1928	24476.43065
2720	4.207155453	338557.6329	24478.89607
2720	4.257540548	338561.9033	24481.26506
2720	4.307925643	338566.0072	24483.54344
2720	4.358310739	338569.961	24485.73302
2720	4.408695834	338573.7578	24487.84254
2720	4.459080929	338577.4782	24489.86827
2720	4.509466024	338580.929	24491.85324
2720	4.55985112	338584.3693	24493.69438
2720	4.610236215	338587.7251	24495.52989
2720	4.66062131	338590.7594	24497.32033
2720	4.711006405	338593.7803	24498.93925
2720	4.761391501	338596.6904	24500.55101
2720	4.811776596	338599.4953	24502.10363
2720	4.862161691	338602.1996	24503.60015
2720	4.912546786	338604.8076	24505.04301
2720	4.962931882	338607.3235	24506.43449
2720	5.013316977	340087.6729	24507.77683
2730	1.990211262	396341.9081	24072.15093
2730	2.040596357	334908.9605	24102.09219
2730	2.090981453	334954.9434	24129.214
2730	2.141366548	334996.8007	24153.74754
2730	2.191751643	343048.1257	24176.07994
2730	2.242136738	330367.0887	24196.49281
2730	2.292521834	392270.1616	24215.22218
2730	2.342906929	398688.4856	24232.46718
2730	2.393292024	335346.704	24248.39682
2730	2.443677119	392402.2173	24263.15542
2730	2.494062215	392420.8993	24276.86684
2730	2.54444731	335422.5376	24289.63798
2730	2.594832405	335443.4484	24301.56151
2730	2.6452175	392539.3513	24312.71815
2730	2.695602596	335490.2897	24323.17854
2730	2.745987691	392595.6528	24333.0047
2730	2.796372786	392608.4022	24342.25136
2730	2.846757881	335546.683	24350.96694
2730	2.897142977	335561.2609	24359.19448
2730	2.947528072	392690.1401	24366.97233
2730	2.997913167	392700.3476	24374.33481
2730	3.048298262	392710.0329	24381.31269
2730	3.098683358	392719.2328	24387.93367
2730	3.149068453	392727.9802	24394.22275
2730	3.199453548	335647.1065	24400.20254
2730	3.249838643	343706.7794	24405.86736
2730	3.300223739	327886.7107	24411.28955
2730	3.350608834	326029.1179	24416.45885
2730	3.400993929	326037.9431	24421.39065
2730	3.451379024	343742.9683	24426.0992
2730	3.50176412	326709.382	24430.59763
2730	3.552149215	326717.0918	24434.89799
2730	3.60253431	326724.4705	24439.01143
2730	3.652919405	326731.5361	24442.94826
2730	3.703304501	326738.305	24446.71797
2730	3.753689596	326744.8095	24450.32943
2730	3.804074691	326751.0292	24453.79982
2730	3.854459786	326756.9955	24457.11829
2730	3.904844882	326763.1966	24460.30154
2730	3.955229977	326768.2202	24463.61001
2730	4.005615072	326773.9209	24466.29032
2730	4.056000167	326778.9946	24469.33184
2730	4.106385263	326783.6562	24472.03885
2730	4.156770358	326788.3398	24474.526
2730	4.207155453	326792.8426	24477.02483
2730	4.257540548	326797.1756	24479.42724
2730	4.307925643	326801.3422	24481.73907
2730	4.358310739	326805.3588	24483.9621
2730	4.408695834	326809.2184	24486.10511
2730	4.459080929	326812.9347	24488.16432
2730	4.509466024	326816.659	24490.1471
2730	4.55985112	326820.0217	24492.13419
2730	4.610236215	326823.4471	24493.92829
2730	4.66062131	326826.5369	24495.75588
2730	4.711006405	326829.578	24497.40439
2730	4.761391501	326832.5921	24499.02693
2730	4.811776596	326835.4615	24500.63506
2730	4.862161691	326838.2288	24502.166
2730	4.912546786	326840.8998	24503.64245
2730	4.962931882	326843.4786	24505.06751
2730	5.013316977	402417.8384	24506.44342
2740	1.990211262	402461.7022	24068.63645
2740	2.040596357	395608.5679	24098.62204
2740	2.090981453	435433.4399	24125.79092
2740	2.141366548	330433.2114	24150.37009
2740	2.191751643	325491.1029	24172.74804
2740	2.242136738	325526.2908	24193.20612
2740	2.292521834	325558.6954	24211.98016
2740	2.342906929	325588.6333	24229.26918
2740	2.393292024	398789.7488	24245.24214
2740	2.443677119	398809.8675	24260.04331
2740	2.494062215	335450.6901	24273.79656
2740	2.54444731	392462.1685	24286.6088
2740	2.594832405	392478.5469	24298.57272
2740	2.6452175	335458.2573	24309.76909
2740	2.695602596	335476.7465	24320.26855
2740	2.745987691	335494.1484	24330.13319
2740	2.796372786	343549.0085	24339.41777
2740	2.846757881	327734.741	24348.17075
2740	2.897142977	343579.1447	24356.43521
2740	2.947528072	412918.9638	24364.24954
2740	2.997913167	337450.8085	24371.6481
2740	3.048298262	337463.2844	24378.66169
2740	3.098683358	337475.1377	24385.31804
2740	3.149068453	349944.2893	24391.64219
2740	3.199453548	331281.0413	24397.65679
2740	3.249838643	326568.4788	24403.35546
2740	3.300223739	393380.697	24408.81198
2740	3.350608834	336249.2526	24414.01543
2740	3.400993929	393409.1353	24418.9812
2740	3.451379024	436329.5561	24423.72358
2740	3.50176412	327921.3685	24428.2557
2740	3.552149215	330705.9742	24432.58964
2740	3.60253431	330713.4156	24436.73657
2740	3.652919405	330720.5436	24440.7068
2740	3.703304501	330727.3749	24444.50984
2740	3.753689596	330733.9418	24448.15458
2740	3.804074691	330740.2238	24451.6583
2740	3.854459786	330746.2523	24455.00996
2740	3.904844882	330752.5293	24458.22637
2740	3.955229977	330757.6012	24461.57538
2740	4.005615072	330763.3768	24464.28146
2740	4.056000167	330768.5239	24467.36296
2740	4.106385263	330773.3316	24470.10908
2740	4.156770358	330777.9698	24472.67421
2740	4.207155453	330782.5345	24475.14881
2740	4.257540548	330786.9296	24477.58425
2740	4.307925643	330791.1583	24479.92923
2740	4.358310739	330795.2303	24482.1854
2740	4.408695834	330799.1589	24484.35792
2740	4.459080929	330802.9373	24486.45397
2740	4.509466024	330806.7327	24488.46993
2740	4.55985112	330810.0845	24490.49487
2740	4.610236215	330813.4749	24492.28321
2740	4.66062131	330816.7905	24494.0921
2740	4.711006405	330819.8919	24495.8611
2740	4.761391501	330822.971	24497.51582
2740	4.811776596	330825.8684	24499.15863
2740	4.862161691	330828.7309	24500.7045
2740	4.912546786	330831.4656	24502.23176
2740	4.962931882	330834.1067	24503.6908
2740	5.013316977	330435.1375	24505.09994
2750	1.990211262	396316.9757	24065.12884
2750	2.040596357	391889.6973	24095.15836
2750	2.090981453	391925.7186	24122.37396
2750	2.141366548	335128.0805	24146.99837
2750	2.191751643	335166.5089	24169.42151
2750	2.242136738	392190.7542	24189.92446
2750	2.292521834	435836.8754	24208.74285
2750	2.342906929	411764.7701	24226.07559
2750	2.393292024	427403.162	24242.09157
2750	2.443677119	324098.0962	24256.93503
2750	2.494062215	322255.3502	24270.72984
2750	2.54444731	322277.8492	24283.58292
2750	2.594832405	322298.9084	24295.58699
2750	2.6452175	322318.6602	24306.82282
2750	2.695602596	340033.8148	24317.36112
2750	2.745987691	412811.2442	24327.26401
2750	2.796372786	412824.1027	24336.58627
2750	2.846757881	335525.587	24345.37642
2750	2.897142977	335540.3013	24353.67757
2750	2.947528072	335554.2355	24361.52816
2750	2.997913167	392686.0935	24368.96257
2750	3.048298262	335588.0439	24376.01165
2750	3.098683358	335599.9625	24382.70315
2750	3.149068453	335611.3004	24389.06215
2750	3.199453548	392759.0672	24395.11133
2750	3.249838643	335638.8719	24400.87126
2750	3.300223739	335648.6878	24406.33446
2750	3.350608834	392805.0778	24411.57162
2750	3.400993929	356639.6662	24416.57113
2750	3.451379024	375244.5465	24421.3471
2750	3.50176412	431230.2082	24425.91268
2750	3.552149215	417860.0629	24430.27997
2750	3.60253431	417867.5664	24434.46013
2750	3.652919405	417874.7564	24438.4635
2750	3.703304501	417881.6496	24442.29965
2750	3.753689596	417888.2786	24445.97741
2750	3.804074691	417894.6223	24449.5142
2750	3.854459786	417900.7124	24452.8988
2750	3.904844882	417906.5474	24456.1481
2750	3.955229977	417912.5059	24459.26129
2750	4.005615072	417917.5777	24462.44035
2750	4.056000167	417922.9975	24465.14636
2750	4.106385263	417927.9932	24468.03805
2750	4.156770358	417932.7996	24470.70339
2750	4.207155453	417937.4261	24473.26783
2750	4.257540548	417941.8828	24475.73621
2750	4.307925643	417946.1731	24478.11403
2750	4.358310739	417950.3066	24480.40305
2750	4.408695834	417954.2968	24482.60843
2750	4.459080929	417958.1369	24484.73735
2750	4.509466024	417962.0026	24486.78619
2750	4.55985112	417965.4073	24488.84869
2750	4.610236215	417968.8594	24490.66522
2750	4.66062131	417972.1864	24492.50701
2750	4.711006405	417975.3987	24494.28211
2750	4.761391501	417978.5432	24495.99598
2750	4.811776596	417981.4995	24497.67368
2750	4.862161691	417984.4264	24499.25099
2750	4.912546786	417987.1967	24500.8126
2750	4.962931882	417989.9243	24502.29064
2750	5.013316977	400948.7324	24503.74591
2760	1.990211262	334776.8582	24061.6281
2760	2.040596357	391898.7337	24091.70113
2760	2.090981453	435613.6215	24118.96293
2760	2.141366548	327276.6801	24143.63239
2760	2.191751643	327315.1919	24166.10037
2760	2.242136738	325483.7092	24186.64784
2760	2.292521834	325516.277	24205.51027
2760	2.342906929	392257.9068	24222.88641
2760	2.393292024	335287.2871	24238.94512
2760	2.443677119	412488.5137	24253.8306
2760	2.494062215	338257.5526	24267.66671
2760	2.54444731	338280.1264	24280.56036
2760	2.594832405	398154.7219	24292.60431
2760	2.6452175	341122.2118	24303.87937
2760	2.695602596	398215.3287	24314.45627
2760	2.745987691	398229.0203	24324.39717
2760	2.796372786	398241.9329	24333.75688
2760	2.846757881	341200.7346	24342.58398
2760	2.897142977	398316.7177	24350.9216
2760	2.947528072	341233.7831	24358.80823
2760	2.997913167	341247.0612	24366.27827
2760	3.048298262	398379.2653	24373.36261
2760	3.098683358	335573.0249	24380.08905
2760	3.149068453	335584.4272	24386.48268
2760	3.199453548	335595.2868	24392.56621
2760	3.249838643	335605.6391	24398.36024
2760	3.300223739	335615.4681	24403.88355
2760	3.350608834	335624.901	24409.12768
2760	3.400993929	335633.9151	24414.1605
2760	3.451379024	392802.4965	24418.96983
2760	3.50176412	436301.1148	24423.56863
2760	3.552149215	416182.5133	24427.96903
2760	3.60253431	417282.719	24432.1822
2760	3.652919405	417289.9706	24436.21848
2760	3.703304501	417296.9252	24440.08747
2760	3.753689596	417303.6157	24443.79801
2760	3.804074691	417310.0206	24447.36761
2760	3.854459786	417316.1719	24450.78488
2760	3.904844882	417322.0807	24454.06683
2760	3.955229977	417328.1133	24457.21938
2760	4.005615072	417333.2288	24460.43796
2760	4.056000167	417338.702	24463.16728
2760	4.106385263	417343.9176	24466.08742
2760	4.156770358	417348.8041	24468.87017
2760	4.207155453	417353.3138	24471.47729
2760	4.257540548	417357.8313	24473.88338
2760	4.307925643	417362.1826	24476.2936
2760	4.358310739	417366.3771	24478.61518
2760	4.408695834	417370.4283	24480.85311
2760	4.459080929	417374.3295	24483.01461
2760	4.509466024	417378.2651	24485.09601
2760	4.55985112	417381.722	24487.19579
2760	4.610236215	417385.2351	24489.04018
2760	4.66062131	417388.6232	24490.91454
2760	4.711006405	417391.8965	24492.72221
2760	4.761391501	417395.06	24494.46866
2760	4.811776596	417398.1184	24496.15651
2760	4.862161691	417401.1101	24497.78828
2760	4.912546786	417403.9386	24499.38443
2760	4.962931882	417406.7299	24500.89354
2760	5.013316977	400507.8143	24502.38282
2770	1.990211262	400551.8692	24058.13414
2770	2.040596357	334851.4421	24088.25034
2770	2.090981453	391977.2421	24115.55213
2770	2.141366548	335104.6429	24140.27209
2770	2.191751643	335143.2376	24162.78461
2770	2.242136738	392162.9065	24183.37628
2770	2.292521834	335227.6256	24202.28241
2770	2.342906929	335257.8038	24219.70167
2770	2.393292024	335285.7816	24235.80281
2770	2.443677119	412508.7454	24250.73003
2770	2.494062215	338283.3122	24264.60716
2770	2.54444731	339954.3801	24277.54114
2770	2.594832405	324145.8284	24289.62473
2770	2.6452175	394354.1763	24300.93877
2770	2.695602596	337314.0524	24311.55403
2770	2.745987691	394411.351	24321.5327
2770	2.796372786	337353.3725	24330.92965
2770	2.846757881	394462.1319	24339.79346
2770	2.897142977	436142.0772	24348.16733
2770	2.947528072	330862.6873	24356.08977
2770	2.997913167	325895.5783	24363.59522
2770	3.048298262	392681.4584	24370.71461
2770	3.098683358	335581.4496	24377.47576
2770	3.149068453	335592.9158	24383.9038
2770	3.199453548	335603.839	24390.02147
2770	3.249838643	335614.2544	24395.84939
2770	3.300223739	335624.1448	24401.40636
2770	3.350608834	392781.951	24406.68325
2770	3.400993929	392789.0347	24411.74936
2770	3.451379024	335661.6821	24416.59183
2770	3.50176412	335669.9913	24421.22362
2770	3.552149215	335677.9494	24425.65689
2770	3.60253431	335685.5758	24429.90283
2770	3.652919405	338479.8842	24433.97179
2770	3.703304501	338486.8998	24437.87337
2770	3.753689596	338493.6513	24441.61644
2770	3.804074691	338500.117	24445.21861
2770	3.854459786	338506.329	24448.6683
2770	3.904844882	338512.3	24451.98263
2770	3.955229977	338518.4063	24455.1684
2770	4.005615072	338523.5677	24458.42633
2770	4.056000167	338529.1019	24461.18011
2770	4.106385263	338534.3895	24464.1328
2770	4.156770358	338539.3471	24466.95393
2770	4.207155453	338543.8952	24469.59898
2770	4.257540548	338548.4731	24472.02559
2770	4.307925643	338552.8849	24474.46806
2770	4.358310739	338557.1399	24476.8219
2770	4.408695834	338561.2516	24479.09209
2770	4.459080929	338565.2132	24481.28587
2770	4.509466024	338569.2182	24483.39952
2770	4.55985112	338572.7327	24485.53631
2770	4.610236215	338576.3002	24487.41143
2770	4.66062131	338579.7488	24489.31484
2770	4.711006405	338583.0826	24491.15476
2770	4.761391501	338586.3065	24492.93346
2770	4.811776596	338589.4253	24494.65356
2770	4.862161691	338592.4435	24496.31756
2770	4.912546786	338595.3653	24497.92786
2770	4.962931882	338598.1949	24499.48676
2770	5.013316977	340043.8649	24500.99645
2780	1.990211262	335028.5541	24054.64715
2780	2.040596357	335079.7501	24084.806
2780	2.090981453	335126.2261	24112.12098
2780	2.141366548	392032.658	24136.91759
2780	2.191751643	392062.8443	24159.47423
2780	2.242136738	335180.521	24180.10976
2780	2.292521834	335213.2499	24199.05929
2780	2.342906929	335243.507	24216.52135
2780	2.393292024	335271.5626	24232.66465
2780	2.443677119	335297.6487	24247.63333
2780	2.494062215	398793.4534	24261.55122
2780	2.54444731	335410.9627	24274.52526
2780	2.594832405	335432.2411	24286.64824
2780	2.6452175	357249.2944	24298.00103
2780	2.695602596	320080.1478	24308.65442
2780	2.745987691	317320.1138	24318.67063
2780	2.796372786	317336.7955	24328.10458
2780	2.846757881	317352.5581	24337.00489
2780	2.897142977	389553.1789	24345.41479
2780	2.947528072	389564.2096	24353.37282
2780	2.997913167	332489.8123	24360.91347
2780	3.048298262	332502.5493	24368.06769
2780	3.098683358	332514.6613	24374.86334
2780	3.149068453	332526.1912	24381.32557
2780	3.199453548	340581.8845	24387.47715
2780	3.249838643	409928.115	24393.33875
2780	3.300223739	433200.529	24398.92917
2780	3.350608834	324796.7568	24404.26555
2780	3.400993929	361553.1877	24409.33798
2780	3.451379024	379178.3772	24414.21314
2780	3.50176412	338652.5902	24418.87771
2780	3.552149215	393947.9919	24423.34362
2780	3.60253431	336803.7592	24427.62209
2780	3.652919405	338483.4982	24431.72348
2780	3.703304501	338490.5743	24435.65742
2780	3.753689596	338497.3864	24439.43278
2780	3.804074691	338503.9124	24443.06727
2780	3.854459786	338510.1846	24446.54913
2780	3.904844882	338516.2158	24449.89559
2780	3.955229977	338522.3954	24453.11346
2780	4.005615072	338527.6036	24456.4105
2780	4.056000167	338533.1983	24459.1893
2780	4.106385263	338538.5574	24462.17428
2780	4.156770358	338543.5857	24465.03354
2780	4.207155453	338548.1716	24467.71629
2780	4.257540548	338552.8095	24470.16308
2780	4.307925643	338557.2811	24472.63752
2780	4.358310739	338561.596	24475.02333
2780	4.408695834	338565.7678	24477.32549
2780	4.459080929	338569.7893	24479.55125
2780	4.509466024	338573.668	24481.69687
2780	4.55985112	338577.4276	24483.76632
2780	4.610236215	338581.0559	24485.7722
2780	4.66062131	338584.5643	24487.70805
2780	4.711006405	338587.958	24489.57992
2780	4.761391501	338591.2418	24491.39056
2780	4.811776596	338594.4204	24493.14258
2780	4.862161691	338597.4984	24494.83849
2780	4.912546786	338600.4799	24496.48069
2780	4.962931882	338603.3692	24498.07147
2780	5.013316977	404290.527	24499.61301
2790	1.990211262	436746.1199	24051.1669
2790	2.040596357	330086.2702	24081.36807
2790	2.090981453	391938.8316	24108.72706
2790	2.141366548	335071.4317	24133.56881
2790	2.191751643	343127.1038	24156.16924
2790	2.242136738	330446.5602	24176.8483
2790	2.292521834	392177.4908	24195.84091
2790	2.342906929	335229.907	24213.34549
2790	2.393292024	335258.0398	24229.53065
2790	2.443677119	335284.2018	24244.54052
2790	2.494062215	335308.5935	24258.49891
2790	2.54444731	392386.3114	24271.51276
2790	2.594832405	335371.2305	24283.67489
2790	2.6452175	335391.269	24295.06618
2790	2.695602596	335410.1122	24305.75746
2790	2.745987691	335427.8631	24315.81099
2790	2.796372786	335444.6128	24325.28172
2790	2.846757881	392560.3902	24334.2183
2790	2.897142977	392572.0833	24342.66401
2790	2.947528072	356491.4687	24350.65742
2790	2.997913167	372320.7913	24358.23304
2790	3.048298262	431027.4748	24365.42188
2790	3.098683358	327171.4107	24372.25181
2790	3.149068453	322202.551	24378.74802
2790	3.199453548	322213.6	24384.93331
2790	3.249838643	322224.1403	24390.82837
2790	3.300223739	322234.2041	24396.45201
2790	3.350608834	389041.8039	24401.82142
2790	3.400993929	331915.2256	24406.95231
2790	3.451379024	331924.0289	24411.83404
2790	3.50176412	357894.9042	24416.53094
2790	3.552149215	311725.8589	24421.02926
2790	3.60253431	319783.9418	24425.34004
2790	3.652919405	319791.3753	24429.47364
2790	3.703304501	311226.2997	24433.4397
2790	3.753689596	311233.1719	24437.2471
2790	3.804074691	311239.7578	24440.91367
2790	3.854459786	311246.0897	24444.42746
2790	3.904844882	311252.1806	24447.80579
2790	3.955229977	311258.4331	24451.0555
2790	4.005615072	311263.6877	24454.39144
2790	4.056000167	311269.3425	24457.19497
2790	4.106385263	311274.7726	24460.21197
2790	4.156770358	311279.871	24463.10913
2790	4.207155453	311284.654	24465.82933
2790	4.257540548	311289.1894	24468.38124
2790	4.307925643	311293.7225	24470.80106
2790	4.358310739	311298.0968	24473.2196
2790	4.408695834	311302.3279	24475.55344
2790	4.459080929	311306.4087	24477.8109
2790	4.509466024	311310.3468	24479.98819
2790	4.55985112	311314.1587	24482.08928
2790	4.610236215	311317.8534	24484.12306
2790	4.66062131	311321.4211	24486.09433
2790	4.711006405	311324.874	24487.99784
2790	4.761391501	311328.2171	24489.8401
2790	4.811776596	311331.4549	24491.62373
2790	4.862161691	311334.592	24493.35123
2790	4.912546786	311337.6328	24495.02501
2790	4.962931882	311340.5812	24496.64734
2790	5.013316977	327290.564	24498.22042
2800	1.990211262	314855.2071	24047.69346
2800	2.040596357	391597.0249	24077.93657
2800	2.090981453	391633.43	24105.33907
2800	2.141366548	334806.9637	24130.22576
2800	2.191751643	334845.8031	24152.86963
2800	2.242136738	334881.4809	24173.59189
2800	2.292521834	334914.3686	24192.62727
2800	2.342906929	334944.7822	24210.17407
2800	2.393292024	334972.9916	24226.40082
2800	2.443677119	334999.229	24241.45161
2800	2.494062215	335023.6949	24255.45023
2800	2.54444731	335046.5631	24268.50365
2800	2.594832405	335067.9853	24280.70467
2800	2.6452175	335088.0944	24292.13423
2800	2.695602596	335107.0072	24302.86317
2800	2.745987691	343141.3314	24312.9538
2800	2.796372786	412511.2989	24322.46108
2800	2.846757881	337077.2786	24331.43372
2800	2.897142977	337092.3264	24339.91502
2800	2.947528072	394207.8932	24347.94359
2800	2.997913167	394218.4596	24355.55398
2800	3.048298262	335274.3985	24362.77722
2800	3.098683358	335286.6376	24369.64122
2800	3.149068453	335298.2934	24376.1712
2800	3.199453548	335309.4047	24382.38998
2800	3.249838643	335320.0069	24388.31828
2800	3.300223739	392469.6066	24393.97494
2800	3.350608834	335349.433	24399.37716
2800	3.400993929	335358.6905	24404.54068
2800	3.451379024	392512.9728	24409.47989
2800	3.50176412	335379.8906	24414.18358
2800	3.552149215	392538.8804	24418.7139
2800	3.60253431	392544.9739	24423.05674
2800	3.652919405	436046.5535	24427.22232
2800	3.703304501	419031.0904	24431.22025
2800	3.753689596	419038.0223	24435.05948
2800	3.804074691	419044.6675	24438.75788
2800	3.854459786	419051.0588	24442.30335
2800	3.904844882	419057.2089	24445.71332
2800	3.955229977	419063.5338	24448.99462
2800	4.005615072	419068.8343	24452.36923
2800	4.056000167	419074.5485	24455.19721
2800	4.106385263	419080.0492	24458.24596
2800	4.156770358	419085.2174	24461.18079
2800	4.207155453	419090.0693	24463.9382
2800	4.257540548	419094.6313	24466.52688
2800	4.307925643	419099.2232	24468.96087
2800	4.358310739	419103.6564	24471.41081
2800	4.408695834	419107.9463	24473.77606
2800	4.459080929	419112.086	24476.06492
2800	4.509466024	419116.0828	24478.27359
2800	4.55985112	419119.9535	24480.40604
2800	4.610236215	419123.707	24482.47117
2800	4.66062131	419127.3334	24484.47381
2800	4.711006405	419130.8451	24486.40865
2800	4.761391501	419134.2468	24488.28223
2800	4.811776596	419137.5432	24490.09716
2800	4.862161691	419140.739	24491.85595
2800	4.912546786	419143.8382	24493.56099
2800	4.962931882	419146.8451	24495.21456
2800	5.013316977	330106.8662	24496.81885
2810	1.990211262	325091.7911	24044.22681
2810	2.040596357	396077.4606	24074.51148
2810	2.090981453	396403.5003	24101.95272
2810	2.141366548	337482.4033	24126.8884
2810	2.191751643	337521.3231	24149.57541
2810	2.242136738	391878.2224	24170.34055
2810	2.292521834	334952.8339	24189.4184
2810	2.342906929	391979.0823	24207.00711
2810	2.393292024	335020.5123	24223.27517
2810	2.443677119	412212.7935	24238.36661
2810	2.494062215	382975.5255	24252.40521
2810	2.54444731	340828.1653	24265.49793
2810	2.594832405	335145.4366	24277.73762
2810	2.6452175	335165.6159	24289.20521
2810	2.695602596	335184.5977	24299.97159
2810	2.745987691	343235.5274	24310.09908
2810	2.796372786	343252.4119	24319.64269
2810	2.846757881	327438.6171	24328.65118
2810	2.897142977	325586.894	24337.16785
2810	2.947528072	325601.2229	24345.23137
2810	2.997913167	392383.5001	24352.87632
2810	3.048298262	335297.6504	24360.13375
2810	3.098683358	343354.564	24367.03161
2810	3.149068453	330650.1411	24373.59515
2810	3.199453548	330661.3143	24379.84721
2810	3.249838643	392475.4858	24385.80854
2810	3.300223739	335361.9402	24391.498
2810	3.350608834	343420.1249	24396.93282
2810	3.400993929	343429.4428	24402.12875
2810	3.451379024	380645.9138	24407.10021
2810	3.50176412	396551.6594	24411.83529
2810	3.552149215	332006.3539	24416.39757
2810	3.60253431	389166.5834	24420.77227
2810	3.652919405	332024.0272	24424.96959
2810	3.703304501	389189.658	24428.99917
2810	3.753689596	421102.6955	24432.86998
2810	3.804074691	421109.3997	24436.59999
2810	3.854459786	421115.8498	24440.1769
2810	3.904844882	421122.0586	24443.61825
2810	3.955229977	421128.4557	24446.9309
2810	4.005615072	421133.8014	24450.34396
2810	4.056000167	421139.5747	24453.1961
2810	4.106385263	421145.1455	24456.27635
2810	4.156770358	421150.093	24459.24861
2810	4.207155453	421155.0782	24461.88826
2810	4.257540548	421159.6994	24464.54807
2810	4.307925643	421164.541	24467.01366
2810	4.358310739	421169.033	24469.59679
2810	4.408695834	421173.3813	24471.99345
2810	4.459080929	421177.5793	24474.31344
2810	4.509466024	421181.6343	24476.55321
2810	4.55985112	421185.5632	24478.71672
2810	4.610236215	421189.375	24480.81292
2810	4.66062131	421193.0596	24482.84664
2810	4.711006405	421196.6293	24484.81251
2810	4.761391501	421200.0891	24486.7171
2810	4.811776596	421203.4437	24488.56303
2810	4.862161691	421206.6974	24490.3528
2810	4.912546786	421209.8546	24492.08879
2810	4.962931882	421212.9194	24493.77328
2810	5.013316977	435374.4779	24495.40846
2820	1.990211262	435431.3172	24040.76693
2820	2.040596357	435482.8301	24071.09278
2820	2.090981453	411950.6517	24098.57677
2820	2.141366548	335073.8514	24123.5568
2820	2.191751643	392064.032	24146.28658
2820	2.242136738	392092.0014	24167.09427
2820	2.292521834	435779.0723	24186.21428
2820	2.342906929	327422.3657	24203.84462
2820	2.393292024	325583.8907	24220.15371
2820	2.443677119	343306.8713	24235.28553
2820	2.494062215	413517.1114	24249.36385
2820	2.54444731	337566.886	24262.49564
2820	2.594832405	392418.2613	24274.77374
2820	2.6452175	335399.2698	24286.27913
2820	2.695602596	335418.3203	24297.08271
2820	2.745987691	392508.4094	24307.24685
2820	2.796372786	335461.2583	24316.82658
2820	2.846757881	343516.6041	24325.87069
2820	2.897142977	327702.0251	24334.42253
2820	2.947528072	327716.4183	24342.52078
2820	2.997913167	394494.8662	24350.20008
2820	3.048298262	337411.0444	24357.4915
2820	3.098683358	394534.5681	24364.42301
2820	3.149068453	337438.7459	24371.0199
2820	3.199453548	337449.9807	24377.30503
2820	3.249838643	343639.8116	24383.29918
2820	3.300223739	412977.7011	24389.02123
2820	3.350608834	412985.349	24394.48844
2820	3.400993929	337497.6745	24399.71656
2820	3.451379024	343689.2707	24404.72006
2820	3.50176412	413035.0484	24409.51219
2820	3.552149215	335660.4173	24414.08054
2820	3.60253431	335668.3434	24418.48667
2820	3.652919405	335675.9549	24422.71551
2820	3.703304501	335683.2686	24426.77652
2820	3.753689596	338484.1476	24430.67868
2820	3.804074691	338490.9102	24434.44005
2820	3.854459786	338497.4187	24438.04816
2820	3.904844882	338503.6858	24441.52067
2820	3.955229977	338510.1545	24444.86441
2820	4.005615072	338515.545	24448.31571
2820	4.056000167	338521.5382	24451.19173
2820	4.106385263	338526.9112	24454.38934
2820	4.156770358	338532.2191	24457.25601
2820	4.207155453	338537.0547	24460.08799
2820	4.257540548	338541.743	24462.66794
2820	4.307925643	338546.6329	24465.16931
2820	4.358310739	338551.1827	24467.77825
2820	4.408695834	338555.5888	24470.20574
2820	4.459080929	338559.8446	24472.55658
2820	4.509466024	338563.9573	24474.82716
2820	4.55985112	338567.9439	24477.02146
2820	4.610236215	338571.8133	24479.14843
2820	4.66062131	338575.5556	24481.21294
2820	4.711006405	338579.1829	24483.20955
2820	4.761391501	338582.7002	24485.14487
2820	4.811776596	338586.1122	24487.02149
2820	4.862161691	338589.4234	24488.84193
2820	4.912546786	338592.638	24490.60856
2820	4.962931882	338595.7601	24492.32367
2820	5.013316977	340015.1815	24493.98944
2830	1.990211262	340072.0973	24037.31382
2830	2.040596357	335051.8524	24067.68047
2830	2.090981453	335098.7547	24095.20684
2830	2.141366548	335141.4363	24120.23092
2830	2.191751643	335180.515	24143.00313
2830	2.242136738	335216.4298	24163.85306
2830	2.292521834	392161.9455	24183.01492
2830	2.342906929	335224.0899	24200.68661
2830	2.393292024	335252.5264	24217.03644
2830	2.443677119	343304.1061	24232.20838
2830	2.494062215	327499.0341	24246.32617
2830	2.54444731	327522.1183	24259.49678
2830	2.594832405	343373.5106	24271.81307
2830	2.6452175	412680.4137	24283.35602
2830	2.695602596	335412.4146	24294.19658
2830	2.745987691	392497.6576	24304.39714
2830	2.796372786	392510.9394	24314.01278
2830	2.846757881	335471.1461	24323.09229
2830	2.897142977	392573.592	24331.67908
2830	2.947528072	392584.8755	24339.81187
2830	2.997913167	392595.591	24347.5253
2830	3.048298262	335535.9802	24354.8505
2830	3.098683358	392657.6691	24361.81546
2830	3.149068453	335563.823	24368.44549
2830	3.199453548	392693.8546	24374.76349
2830	3.249838643	392702.2724	24380.79025
2830	3.300223739	335600.9704	24386.54469
2830	3.350608834	335610.8294	24392.04407
2830	3.400993929	392756.9345	24397.30419
2830	3.451379024	392763.9909	24402.3395
2830	3.50176412	392770.7558	24407.1633
2830	3.552149215	335652.8829	24411.78783
2830	3.60253431	335660.8672	24416.20021
2830	3.652919405	335668.5372	24420.46015
2830	3.703304501	335675.9093	24424.55237
2830	3.753689596	335683.0175	24428.48563
2830	3.804074691	338489.3113	24432.27814
2830	3.854459786	338495.8777	24435.91723
2830	3.904844882	338502.2027	24439.42065
2830	3.955229977	338508.7426	24442.79525
2830	4.005615072	338514.1773	24446.28456
2830	4.056000167	338520.2408	24449.18419
2830	4.106385263	338525.6823	24452.41924
2830	4.156770358	338531.0586	24455.3225
2830	4.207155453	338536.1155	24458.19093
2830	4.257540548	338540.8456	24460.88899
2830	4.307925643	338545.6111	24463.41268
2830	4.358310739	338550.2177	24465.95524
2830	4.408695834	338554.6812	24468.41305
2830	4.459080929	338558.9941	24470.79446
2830	4.509466024	338563.1701	24473.09558
2830	4.55985112	338567.2078	24475.32362
2830	4.610236215	338571.1344	24477.47785
2830	4.66062131	338574.9337	24479.57285
2830	4.711006405	338578.618	24481.59992
2830	4.761391501	338582.1924	24483.56566
2830	4.811776596	338585.6613	24485.47269
2830	4.862161691	338589.0294	24487.3235
2830	4.912546786	338592.3008	24489.12048
2830	4.962931882	338595.4797	24490.8659
2830	5.013316977	342760.4467	24492.56195
2840	1.990211262	330325.3971	24033.86746
2840	2.040596357	396301.9498	24064.27454
2840	2.090981453	334858.4205	24091.84294
2840	2.141366548	334901.181	24116.91077
2840	2.191751643	392033.8016	24139.72506
2840	2.242136738	335134.8781	24160.61692
2840	2.292521834	335168.0769	24179.82033
2840	2.342906929	392192.7111	24197.53307
2840	2.393292024	392214.9634	24213.92339
2840	2.443677119	410699.2573	24229.13517
2840	2.494062215	338234.6392	24243.29219
2840	2.54444731	332553.5723	24256.50137
2840	2.594832405	392389.8592	24268.8556
2840	2.6452175	335375.3507	24280.43589
2840	2.695602596	392452.1862	24291.31321
2840	2.745987691	392466.3044	24301.54997
2840	2.796372786	392479.6377	24311.20129
2840	2.846757881	335456.3548	24320.31601
2840	2.897142977	343511.4062	24328.93754
2840	2.947528072	412820.8392	24337.10465
2840	2.997913167	337373.263	24344.85202
2840	3.048298262	394488.6246	24352.21079
2840	3.098683358	361707.6282	24359.20899
2840	3.149068453	373855.9411	24365.87196
2840	3.199453548	326863.3622	24372.22262
2840	3.249838643	326874.208	24378.28179
2840	3.300223739	341209.3605	24384.06841
2840	3.350608834	408571.1088	24389.59976
2840	3.400993929	408578.5209	24394.89165
2840	3.451379024	327498.9541	24399.95857
2840	3.50176412	327507.6805	24404.81383
2840	3.552149215	327516.0543	24409.46967
2840	3.60253431	334994.9602	24413.93741
2840	3.652919405	404348.5851	24418.20376
2840	3.703304501	326966.5185	24422.32676
2840	3.753689596	384130.0977	24426.29092
2840	3.804074691	384135.466	24430.11433
2840	3.854459786	420839.5697	24433.78416
2840	3.904844882	420845.9521	24437.31826
2840	3.955229977	420852.5629	24440.72348
2840	4.005615072	420858.0414	24444.25061
2840	4.056000167	420864.1745	24447.17357
2840	4.106385263	420869.6842	24450.44584
2840	4.156770358	420875.1284	24453.38546
2840	4.207155453	420880.2524	24456.29013
2840	4.257540548	420884.9953	24459.02398
2840	4.307925643	420889.8176	24461.55448
2840	4.358310739	420894.481	24464.12735
2840	4.408695834	420899.0013	24466.61547
2840	4.459080929	420903.371	24469.02719
2840	4.509466024	420907.6037	24471.35858
2840	4.55985112	420911.6979	24473.61686
2840	4.610236215	420915.6812	24475.80129
2840	4.66062131	420919.537	24477.9265
2840	4.711006405	420923.2779	24479.98374
2840	4.761391501	420926.9086	24481.97963
2840	4.811776596	420930.434	24483.91677
2840	4.862161691	420933.8583	24485.79767
2840	4.912546786	420937.186	24487.62469
2840	4.962931882	420940.421	24489.40013
2840	5.013316977	334669.2466	24491.12614
2850	1.990211262	395942.1574	24030.42784
2850	2.040596357	334497.12	24060.87497
2850	2.090981453	391616.6546	24088.48505
2850	2.141366548	334764.6038	24113.59616
2850	2.191751643	334803.8392	24136.45238
2850	2.242136738	391805.3243	24157.38585
2850	2.292521834	334889.7574	24176.63051
2850	2.342906929	334920.5529	24194.38403
2850	2.393292024	391952.4401	24210.81455
2850	2.443677119	334988.7434	24226.06593
2850	2.494062215	335013.573	24240.26191
2850	2.54444731	343065.0206	24253.50942
2850	2.594832405	412346.0298	24265.90136
2850	2.6452175	412361.995	24277.51876
2850	2.695602596	412377.0223	24288.43262
2850	2.745987691	412391.1924	24298.70537
2850	2.796372786	412404.5769	24308.39216
2850	2.846757881	412417.2392	24317.54186
2850	2.897142977	337058.3468	24326.19793
2850	2.947528072	394162.1506	24334.39916
2850	2.997913167	335224.1515	24342.18026
2850	3.048298262	335237.33	24349.5724
2850	3.098683358	335249.8797	24356.60364
2850	3.149068453	392376.0056	24363.29935
2850	3.199453548	335280.4914	24369.68247
2850	3.249838643	392410.8921	24375.77384
2850	3.300223739	392419.03	24381.59244
2850	3.350608834	432464.496	24387.15555
2850	3.400993929	327175.828	24392.47902
2850	3.451379024	327184.9867	24397.57734
2850	3.50176412	389003.7482	24402.46384
2850	3.552149215	331875.6864	24407.15079
2850	3.60253431	339934.1447	24411.6495
2850	3.652919405	327225.7435	24415.97042
2850	3.703304501	327233.2306	24420.09997
2850	3.753689596	394044.9077	24424.09459
2850	3.804074691	331918.6395	24427.94869
2850	3.854459786	334728.9538	24431.64904
2850	3.904844882	334735.3931	24435.21358
2850	3.955229977	334742.0744	24438.6492
2850	4.005615072	334747.5961	24442.21391
2850	4.056000167	334753.7986	24445.15995
2850	4.106385263	334759.3761	24448.46922
2850	4.156770358	334764.5774	24451.44499
2850	4.207155453	334769.7916	24454.22009
2850	4.257540548	334774.8329	24457.00203
2850	4.307925643	334779.712	24459.69178
2850	4.358310739	334784.4318	24462.29496
2850	4.408695834	334789.0083	24464.81312
2850	4.459080929	334793.4343	24467.25489
2850	4.509466024	334797.7231	24469.61628
2850	4.55985112	334802.0244	24471.90453
2850	4.610236215	334805.9077	24474.19944
2850	4.66062131	334809.8247	24476.27131
2850	4.711006405	334813.6215	24478.36117
2850	4.761391501	334817.3082	24480.38691
2850	4.811776596	334820.8893	24482.35388
2850	4.862161691	334824.3695	24484.26456
2850	4.912546786	334827.7528	24486.12135
2850	4.962931882	334831.0435	24487.9265
2850	5.013316977	336229.3466	24489.6822
2860	1.990211262	392450.3594	24026.9949
2860	2.040596357	331004.3261	24057.48176
2860	2.090981453	331051.461	24085.13317
2860	2.141366548	331094.3891	24110.28135
2860	2.191751643	331133.7019	24133.18504
2860	2.242136738	388309.4572	24154.15985
2860	2.292521834	388335.4868	24173.44548
2860	2.342906929	388359.5803	24191.23948
2860	2.393292024	331464.8731	24207.70993
2860	2.443677119	331491.553	24223.00065
2860	2.494062215	331516.454	24237.23534
2860	2.54444731	394981.1841	24250.52095
2860	2.594832405	331600.3698	24262.95037
2860	2.6452175	339653.6244	24274.60465
2860	2.695602596	408913.6882	24285.55482
2860	2.745987691	432250.5144	24295.86334
2860	2.796372786	326980.6657	24305.5854
2860	2.846757881	388753.7575	24314.76988
2860	2.897142977	331699.0315	24323.46028
2860	2.947528072	339753.8066	24331.69543
2860	2.997913167	409063.9352	24339.51005
2860	3.048298262	331747.0077	24346.93536
2860	3.098683358	331759.6184	24353.99944
2860	3.149068453	331771.6427	24360.72769
2860	3.199453548	388899.938	24367.14307
2860	3.249838643	432427.6097	24373.26645
2860	3.300223739	324027.9536	24379.11681
2860	3.350608834	390815.9455	24384.71149
2860	3.400993929	432466.2711	24390.06633
2860	3.451379024	409219.6858	24395.19584
2860	3.50176412	331856.2627	24400.11338
2860	3.552149215	389005.5012	24404.83122
2860	3.60253431	432510.7667	24409.36069
2860	3.652919405	324104.0528	24413.71227
2860	3.703304501	324111.5523	24417.89565
2860	3.753689596	322251.9964	24421.89692
2860	3.804074691	339955.5825	24425.78129
2860	3.854459786	324132.5626	24429.51192
2860	3.904844882	326948.1165	24433.10669
2860	3.955229977	326954.8678	24436.57246
2860	4.005615072	326960.4323	24440.17457
2860	4.056000167	326966.7038	24443.14341
2860	4.106385263	326972.3486	24446.48947
2860	4.156770358	326977.5826	24449.50117
2860	4.207155453	326982.8527	24452.29371
2860	4.257540548	326987.9501	24455.10554
2860	4.307925643	326992.8851	24457.82514
2860	4.358310739	326997.6607	24460.45816
2860	4.408695834	327002.2931	24463.00612
2860	4.459080929	327006.7747	24465.47767
2860	4.509466024	327011.1192	24467.86878
2860	4.55985112	327015.485	24470.18674
2860	4.610236215	327019.415	24472.51603
2860	4.66062131	327023.3875	24474.61284
2860	4.711006405	327027.2398	24476.73231
2860	4.761391501	327030.9818	24478.78763
2860	4.811776596	327034.6183	24480.78415
2860	4.862161691	327038.1536	24482.72434
2860	4.912546786	327041.5922	24484.61059
2860	4.962931882	327044.9379	24486.44518
2860	5.013316977	326567.2647	24488.23026
2870	1.990211262	392446.0614	24023.5687
2870	2.040596357	392486.5707	24054.0949
2870	2.090981453	331082.8349	24081.78729
2870	2.141366548	331125.8422	24106.97719
2870	2.191751643	331165.2318	24129.92313
2870	2.242136738	388312.6406	24150.93893
2870	2.292521834	388338.7291	24170.26522
2870	2.342906929	331437.5918	24188.09943
2870	2.393292024	388460.4443	24204.60955
2870	2.443677119	331501.4476	24219.93934
2870	2.494062215	394942.7795	24234.21251
2870	2.54444731	331569.1572	24247.53597
2870	2.594832405	331591.0693	24260.00264
2870	2.6452175	388646.1407	24271.69358
2870	2.695602596	331628.1729	24282.67984
2870	2.745987691	331646.4605	24293.02393
2870	2.796372786	388732.5537	24302.78103
2870	2.846757881	432299.4227	24312.00008
2870	2.897142977	323912.2688	24320.72462
2870	2.947528072	390672.4262	24328.99347
2870	2.997913167	333605.355	24336.84142
2870	3.048298262	339793.5841	24344.2997
2870	3.098683358	339806.2553	24351.39643
2870	3.149068453	409128.2328	24358.15702
2870	3.199453548	333662.248	24364.60446
2870	3.249838643	390789.1197	24370.75964
2870	3.300223739	333686.9821	24376.64158
2870	3.350608834	390821.3396	24382.26762
2870	3.400993929	390828.8886	24387.65362
2870	3.451379024	333720.276	24392.81413
2870	3.50176412	333729.1761	24397.7625
2870	3.552149215	339919.4935	24402.51103
2870	3.60253431	379154.9176	24407.07106
2870	3.652919405	396125.4575	24411.45307
2870	3.703304501	430777.8664	24415.66678
2870	3.753689596	407541.0338	24419.72119
2870	3.804074691	430796.2397	24423.61239
2870	3.854459786	319186.7712	24427.37289
2870	3.904844882	330442.706	24430.99765
2870	3.955229977	330449.5271	24434.49336
2870	4.005615072	330455.1338	24438.13265
2870	4.056000167	330461.4738	24441.12404
2870	4.106385263	330467.1856	24444.50667
2870	4.156770358	330472.5639	24447.5541
2870	4.207155453	330477.7776	24450.42366
2870	4.257540548	330482.9302	24453.20535
2870	4.307925643	330487.9207	24455.95446
2870	4.358310739	330492.7517	24458.61705
2870	4.408695834	330497.4325	24461.19456
2870	4.459080929	330501.9763	24463.69194
2870	4.509466024	330506.376	24466.11622
2870	4.55985112	330510.8057	24468.46362
2870	4.610236215	330514.7819	24470.82703
2870	4.66062131	330518.8094	24472.9485
2870	4.711006405	330522.7166	24475.09731
2870	4.761391501	330526.5135	24477.18194
2870	4.811776596	330530.2047	24479.20772
2870	4.862161691	330533.7948	24481.17714
2870	4.912546786	330537.288	24483.09258
2870	4.962931882	330540.6883	24484.95631
2870	5.013316977	330060.5728	24486.77049
2880	1.990211262	395909.2475	24020.14919
2880	2.040596357	334461.2253	24050.71437
2880	2.090981453	334508.4564	24078.4474
2880	2.141366548	334551.6019	24103.64694
2880	2.191751643	334591.0677	24126.66662
2880	2.242136738	342634.1508	24147.72308
2880	2.292521834	412057.8867	24167.08974
2880	2.342906929	412082.0959	24184.96388
2880	2.393292024	412104.5776	24201.51341
2880	2.443677119	412125.5127	24216.88203
2880	2.494062215	336850.5587	24231.19341
2880	2.54444731	336873.9942	24244.55449
2880	2.594832405	335029.1383	24257.05818
2880	2.6452175	335049.7969	24268.78556
2880	2.695602596	392128.4143	24279.8077
2880	2.745987691	335103.1146	24290.18713
2880	2.796372786	343156.5187	24299.97908
2880	2.846757881	412451.4827	24309.2325
2880	2.897142977	335159.7453	24317.99096
2880	2.947528072	343213.9763	24326.29333
2880	2.997913167	412521.0332	24334.17441
2880	3.048298262	337074.9801	24341.66546
2880	3.098683358	394187.5019	24348.79464
2880	3.149068453	335236.6796	24355.58737
2880	3.199453548	392357.7747	24362.06667
2880	3.249838643	392366.4249	24368.25347
2880	3.300223739	335274.8469	24374.16678
2880	3.350608834	335284.9998	24379.82398
2880	3.400993929	392422.6625	24385.24096
2880	3.451379024	392429.946	24390.43225
2880	3.50176412	432468.7235	24395.41125
2880	3.552149215	327178.0942	24400.19026
2880	3.60253431	322205.9113	24404.78064
2880	3.652919405	339910.4593	24409.19288
2880	3.703304501	327201.9736	24413.4367
2880	3.753689596	354889.154	24417.52113
2880	3.804074691	361903.6559	24421.46479
2880	3.854459786	380640.634	24425.2322
2880	3.904844882	308935.8346	24428.88654
2880	3.955229977	315396.8202	24432.41195
2880	4.005615072	315403.324	24435.80605
2880	4.056000167	315408.9366	24439.27605
2880	4.106385263	315414.9212	24442.27058
2880	4.156770358	315420.4824	24445.46361
2880	4.207155453	315425.8626	24448.43071
2880	4.257540548	315431.0705	24451.30124
2880	4.307925643	315436.1159	24454.07982
2880	4.358310739	315441.0018	24456.77175
2880	4.408695834	315445.7374	24459.37854
2880	4.459080929	315450.336	24461.90518
2880	4.509466024	315454.7904	24464.35869
2880	4.55985112	315459.2836	24466.73527
2880	4.610236215	315463.3055	24469.13258
2880	4.66062131	315467.3875	24471.27841
2880	4.711006405	315471.3491	24473.4563
2880	4.761391501	315475.2004	24475.56996
2880	4.811776596	315478.9459	24477.62473
2880	4.862161691	315482.5901	24479.62311
2880	4.912546786	315486.1374	24481.56745
2880	4.962931882	315489.5917	24483.46004
2880	5.013316977	315000.4428	24485.30304
2890	1.990211262	327682.5597	24016.73636
2890	2.040596357	418401.3554	24047.34017
2890	2.090981453	336666.0335	24075.11349
2890	2.141366548	342852.1885	24100.35383
2890	2.191751643	327061.9725	24123.41547
2890	2.242136738	325231.5099	24144.51231
2890	2.292521834	325265.0855	24163.91905
2890	2.342906929	392124.4168	24181.83285
2890	2.393292024	335184.9218	24198.42151
2890	2.443677119	392212.7398	24213.8287
2890	2.494062215	410695.7873	24228.17807
2890	2.54444731	338207.7253	24241.57653
2890	2.594832405	398721.2006	24254.11701
2890	2.6452175	392340.4715	24265.88061
2890	2.695602596	435946.4202	24276.93842
2890	2.745987691	412657.8127	24287.35298
2890	2.796372786	335384.5184	24297.17956
2890	2.846757881	343437.9128	24306.46715
2890	2.897142977	412735.5229	24315.25934
2890	2.947528072	380457.1297	24323.59502
2890	2.997913167	319157.5394	24331.50904
2890	3.048298262	316527.7178	24339.03267
2890	3.098683358	388860.5055	24346.19409
2890	3.149068453	331778.4876	24353.01877
2890	3.199453548	331790.1423	24359.52975
2890	3.249838643	388915.1973	24365.74796
2890	3.300223739	388923.5182	24371.69245
2890	3.350608834	388931.4873	24377.38062
2890	3.400993929	331839.7807	24382.82836
2890	3.451379024	331849.1698	24388.05025
2890	3.50176412	331858.1838	24393.05968
2890	3.552149215	389005.2176	24397.86897
2890	3.60253431	331880.3394	24402.48949
2890	3.652919405	331888.3496	24406.93175
2890	3.703304501	389042.6572	24411.20549
2890	3.753689596	331906.8816	24415.31972
2890	3.804074691	331914.04	24419.29316
