2470	1.990211262	24165.92095
2470	2.040596357	24194.62473
2470	2.090981453	24220.36725
2470	2.141366548	24243.5701
2470	2.191751643	24264.58167
2470	2.242136738	24283.69016
2470	2.292521834	24301.13564
2470	2.342906929	24317.11947
2470	2.393292024	24331.81166
2470	2.443677119	24345.35664
2470	2.494062215	24357.8778
2470	2.54444731	24369.48115
2470	2.594832405	24380.25824
2470	2.6452175	24390.25983
2470	2.695602596	24399.61432
2470	2.745987691	24408.35208
2470	2.796372786	24416.52621
2470	2.846757881	24424.18375
2470	2.897142977	24431.36641
2470	2.947528072	24438.11126
2470	2.997913167	24444.45139
2470	3.048298262	24450.41642
2470	3.098683358	24456.03297
2470	3.149068453	24461.32503
2470	3.199453548	24466.31426
2470	3.249838643	24471.0203
2470	3.300223739	24475.46102
2470	3.350608834	24479.6527
2470	3.400993929	24483.61019
2470	3.451379024	24487.41549
2470	3.50176412	24490.94238
2470	3.552149215	24494.27135
2470	3.60253431	24497.41449
2470	3.652919405	24500.38168
2470	3.703304501	24503.18206
2470	3.753689596	24505.82412
2470	3.804074691	24508.32176
2470	3.854459786	24510.90593
2470	3.904844882	24512.88312
2470	3.955229977	24515.17413
2470	4.005615072	24517.12967
2470	4.056000167	24518.87207
2470	4.106385263	24520.60019
2470	4.156770358	24522.22065
2470	4.207155453	24523.73963
2470	4.257540548	24525.15947
2470	4.307925643	24526.48921
2470	4.358310739	24527.72563
2470	4.408695834	24528.87639
2470	4.459080929	24530.01441
2470	4.509466024	24531.02605
2470	4.55985112	24531.84784
2470	4.610236215	24532.69454
2470	4.66062131	24533.46938
2470	4.711006405	24534.17844
2470	4.761391501	24534.82468
2470	4.811776596	24535.41059
2470	4.862161691	24535.9389
2470	4.912546786	24536.41211
2470	4.962931882	24536.83265
2470	5.013316977	24537.20284
2480	1.990211262	24162.33224
2480	2.040596357	24190.98557
2480	2.090981453	24216.78471
2480	2.141366548	24240.04428
2480	2.191751643	24261.11188
2480	2.242136738	24280.27548
2480	2.292521834	24297.77502
2480	2.342906929	24313.81181
2480	2.393292024	24328.55585
2480	2.443677119	24342.15158
2480	2.494062215	24354.72244
2480	2.54444731	24366.3745
2480	2.594832405	24377.19937
2480	2.6452175	24387.24719
2480	2.695602596	24396.64779
2480	2.745987691	24405.43093
2480	2.796372786	24413.64978
2480	2.846757881	24421.35147
2480	2.897142977	24428.57774
2480	2.947528072	24435.36573
2480	2.997913167	24441.74859
2480	3.048298262	24447.75601
2480	3.098683358	24453.41463
2480	3.149068453	24458.74849
2480	3.199453548	24463.7793
2480	3.249838643	24468.52675
2480	3.300223739	24473.00873
2480	3.350608834	24477.24155
2480	3.400993929	24481.24014
2480	3.451379024	24485.01812
2480	3.50176412	24488.65424
2480	3.552149215	24492.02568
2480	3.60253431	24495.20987
2480	3.652919405	24498.21813
2480	3.703304501	24501.05964
2480	3.753689596	24503.7429
2480	3.804074691	24506.28196
2480	3.854459786	24508.91492
2480	3.904844882	24510.92624
2480	3.955229977	24513.26567
2480	4.005615072	24515.26877
2480	4.056000167	24517.08283
2480	4.106385263	24518.81094
2480	4.156770358	24520.47349
2480	4.207155453	24522.03479
2480	4.257540548	24523.49708
2480	4.307925643	24524.86945
2480	4.358310739	24526.14862
2480	4.408695834	24527.34229
2480	4.459080929	24528.52773
2480	4.509466024	24529.48512
2480	4.55985112	24530.44649
2480	4.610236215	24531.33355
2480	4.66062131	24532.15202
2480	4.711006405	24532.90486
2480	4.761391501	24533.595
2480	4.811776596	24534.22494
2480	4.862161691	24534.7974
2480	4.912546786	24535.31489
2480	4.962931882	24535.77981
2480	5.013316977	24536.19448
2490	1.990211262	24158.64357
2490	2.040596357	24187.35262
2490	2.090981453	24213.20829
2490	2.141366548	24236.5241
2490	2.191751643	24257.64728
2490	2.242136738	24276.86557
2490	2.292521834	24294.41877
2490	2.342906929	24310.50814
2490	2.393292024	24325.30366
2490	2.443677119	24338.94979
2490	2.494062215	24351.57002
2490	2.54444731	24363.27046
2490	2.594832405	24374.1428
2490	2.6452175	24384.2666
2490	2.695602596	24393.68316
2490	2.745987691	24402.51118
2490	2.796372786	24410.77447
2490	2.846757881	24418.52
2490	2.897142977	24425.78959
2490	2.947528072	24432.62044
2490	2.997913167	24439.04574
2490	3.048298262	24445.09524
2490	3.098683358	24450.79563
2490	3.149068453	24456.171
2490	3.199453548	24461.2431
2490	3.249838643	24466.03165
2490	3.300223739	24470.55458
2490	3.350608834	24474.82825
2490	3.400993929	24478.86759
2490	3.451379024	24482.68628
2490	3.50176412	24486.36443
2490	3.552149215	24489.77656
2490	3.60253431	24493.00144
2490	3.652919405	24496.05043
2490	3.703304501	24498.93271
2490	3.753689596	24501.65681
2490	3.804074691	24504.23691
2490	3.854459786	24506.6563
2490	3.904844882	24509.11809
2490	3.955229977	24511.36848
2490	4.005615072	24513.16514
2490	4.056000167	24515.20234
2490	4.106385263	24517.01395
2490	4.156770358	24518.71831
2490	4.207155453	24520.3215
2490	4.257540548	24521.82582
2490	4.307925643	24523.23677
2490	4.358310739	24524.56186
2490	4.408695834	24525.79798
2490	4.459080929	24527.03042
2490	4.509466024	24528.02614
2490	4.55985112	24529.0304
2490	4.610236215	24529.96047
2490	4.66062131	24530.8221
2490	4.711006405	24531.61822
2490	4.761391501	24532.35166
2490	4.811776596	24533.02524
2490	4.862161691	24533.64134
2490	4.912546786	24534.20259
2490	4.962931882	24534.71137
2490	5.013316977	24535.16999
2500	1.990211262	24154.96205
2500	2.040596357	24183.72627
2500	2.090981453	24209.63798
2500	2.141366548	24233.00956
2500	2.191751643	24254.18788
2500	2.242136738	24273.46044
2500	2.292521834	24291.0669
2500	2.342906929	24307.20847
2500	2.393292024	24322.05512
2500	2.443677119	24335.75131
2500	2.494062215	24348.42057
2500	2.54444731	24360.16908
2500	2.594832405	24371.08856
2500	2.6452175	24381.25866
2500	2.695602596	24390.72006
2500	2.745987691	24399.59287
2500	2.796372786	24407.9003
2500	2.846757881	24415.68939
2500	2.897142977	24423.00202
2500	2.947528072	24429.87543
2500	2.997913167	24436.3429
2500	3.048298262	24442.43419
2500	3.098683358	24448.17606
2500	3.149068453	24453.59264
2500	3.199453548	24458.70573
2500	3.249838643	24463.53508
2500	3.300223739	24468.09867
2500	3.350608834	24472.41286
2500	3.400993929	24476.49265
2500	3.451379024	24480.35172
2500	3.50176412	24484.00269
2500	3.552149215	24487.52257
2500	3.60253431	24490.78928
2500	3.652919405	24493.87867
2500	3.703304501	24496.80138
2500	3.753689596	24499.56597
2500	3.804074691	24502.18674
2500	3.854459786	24504.65346
2500	3.904844882	24507.16288
2500	3.955229977	24509.20009
2500	4.005615072	24511.39213
2500	4.056000167	24513.35697
2500	4.106385263	24515.20959
2500	4.156770358	24516.95528
2500	4.207155453	24518.59995
2500	4.257540548	24520.14587
2500	4.307925643	24521.59855
2500	4.358310739	24522.96553
2500	4.408695834	24524.24366
2500	4.459080929	24525.52269
2500	4.509466024	24526.55625
2500	4.55985112	24527.60293
2500	4.610236215	24528.57555
2500	4.66062131	24529.47985
2500	4.711006405	24530.31877
2500	4.761391501	24531.09513
2500	4.811776596	24531.81174
2500	4.862161691	24532.47099
2500	4.912546786	24533.07548
2500	4.962931882	24533.62761
2500	5.013316977	24534.12968
2510	1.990211262	24151.28767
2510	2.040596357	24180.10654
2510	2.090981453	24206.07379
2510	2.141366548	24229.50068
2510	2.191751643	24250.73369
2510	2.242136738	24270.0601
2510	2.292521834	24287.71944
2510	2.342906929	24303.91284
2510	2.393292024	24318.81025
2510	2.443677119	24332.55616
2510	2.494062215	24345.27413
2510	2.54444731	24357.07038
2510	2.594832405	24368.0367
2510	2.6452175	24378.2528
2510	2.695602596	24387.75874
2510	2.745987691	24396.67605
2510	2.796372786	24405.02734
2510	2.846757881	24412.8597
2510	2.897142977	24420.21508
2510	2.947528072	24427.13078
2510	2.997913167	24433.64011
2510	3.048298262	24439.77291
2510	3.098683358	24445.55598
2510	3.149068453	24451.01348
2510	3.199453548	24456.16726
2510	3.249838643	24461.03712
2510	3.300223739	24465.64106
2510	3.350608834	24469.99548
2510	3.400993929	24474.11541
2510	3.451379024	24478.01454
2510	3.50176412	24481.70554
2510	3.552149215	24485.26679
2510	3.60253431	24488.57353
2510	3.652919405	24491.70297
2510	3.703304501	24494.66576
2510	3.753689596	24497.47048
2510	3.804074691	24500.13157
2510	3.854459786	24502.64304
2510	3.904844882	24505.19979
2510	3.955229977	24507.2661
2510	4.005615072	24509.499
2510	4.056000167	24511.58667
2510	4.106385263	24513.49087
2510	4.156770358	24515.18472
2510	4.207155453	24516.8703
2510	4.257540548	24518.4574
2510	4.307925643	24519.9514
2510	4.358310739	24521.35983
2510	4.408695834	24522.67954
2510	4.459080929	24524.00475
2510	4.509466024	24525.07565
2510	4.55985112	24526.1643
2510	4.610236215	24527.179
2510	4.66062131	24528.1255
2510	4.711006405	24529.00675
2510	4.761391501	24529.82555
2510	4.811776596	24530.58471
2510	4.862161691	24531.28661
2510	4.912546786	24531.93385
2510	4.962931882	24532.52882
2510	5.013316977	24533.07383
2520	1.990211262	24147.62043
2520	2.040596357	24176.49343
2520	2.090981453	24202.51572
2520	2.141366548	24225.99745
2520	2.191751643	24247.28473
2520	2.242136738	24266.66458
2520	2.292521834	24284.37641
2520	2.342906929	24300.62126
2520	2.393292024	24315.56908
2520	2.443677119	24329.36437
2520	2.494062215	24342.13072
2520	2.54444731	24353.9744
2520	2.594832405	24364.98726
2520	2.6452175	24375.24905
2520	2.695602596	24384.82938
2520	2.745987691	24393.76097
2520	2.796372786	24402.15562
2520	2.846757881	24410.03097
2520	2.897142977	24417.42881
2520	2.947528072	24424.38652
2520	2.997913167	24430.93744
2520	3.048298262	24437.11146
2520	3.098683358	24442.93544
2520	3.149068453	24448.43359
2520	3.199453548	24453.62777
2520	3.249838643	24458.53784
2520	3.300223739	24463.18183
2520	3.350608834	24467.57618
2520	3.400993929	24471.73592
2520	3.451379024	24475.67483
2520	3.50176412	24479.40554
2520	3.552149215	24482.93971
2520	3.60253431	24486.35279
2520	3.652919405	24489.52341
2520	3.703304501	24492.52596
2520	3.753689596	24495.37048
2520	3.804074691	24498.07154
2520	3.854459786	24500.62292
2520	3.904844882	24503.22674
2520	3.955229977	24505.32613
2520	4.005615072	24507.59953
2520	4.056000167	24509.7335
2520	4.106385263	24511.68364
2520	4.156770358	24513.40651
2520	4.207155453	24515.13273
2520	4.257540548	24516.7606
2520	4.307925643	24518.29549
2520	4.358310739	24519.74496
2520	4.408695834	24521.1058
2520	4.459080929	24522.47681
2520	4.509466024	24523.58772
2520	4.55985112	24524.71472
2520	4.610236215	24525.77106
2520	4.66062131	24526.7593
2520	4.711006405	24527.6824
2520	4.761391501	24528.54316
2520	4.811776596	24529.34429
2520	4.862161691	24530.08846
2520	4.912546786	24530.77796
2520	4.962931882	24531.41528
2520	5.013316977	24532.00272
2530	1.990211262	24143.96032
2530	2.040596357	24172.88694
2530	2.090981453	24198.96378
2530	2.141366548	24222.4999
2530	2.191751643	24243.84101
2530	2.242136738	24263.27388
2530	2.292521834	24281.03781
2530	2.342906929	24297.33376
2530	2.393292024	24312.33164
2530	2.443677119	24326.17597
2530	2.494062215	24338.99037
2530	2.54444731	24350.88117
2530	2.594832405	24361.94025
2530	2.6452175	24372.24745
2530	2.695602596	24381.87242
2530	2.745987691	24390.84726
2530	2.796372786	24399.28519
2530	2.846757881	24407.20325
2530	2.897142977	24414.64329
2530	2.947528072	24421.64271
2530	2.997913167	24428.23494
2530	3.048298262	24434.44992
2530	3.098683358	24440.31453
2530	3.149068453	24445.85302
2530	3.199453548	24451.08733
2530	3.249838643	24456.03732
2530	3.300223739	24460.72106
2530	3.350608834	24465.15504
2530	3.400993929	24469.3543
2530	3.451379024	24473.33267
2530	3.50176412	24477.10278
2530	3.552149215	24480.67633
2530	3.60253431	24484.06408
2530	3.652919405	24487.33867
2530	3.703304501	24490.38209
2530	3.753689596	24493.26607
2530	3.804074691	24496.00675
2530	3.854459786	24498.59771
2530	3.904844882	24501.24826
2530	3.955229977	24503.38033
2530	4.005615072	24505.69385
2530	4.056000167	24507.8738
2530	4.106385263	24509.86953
2530	4.156770358	24511.62094
2530	4.207155453	24513.3874
2530	4.257540548	24515.05563
2530	4.307925643	24516.631
2530	4.358310739	24518.12109
2530	4.408695834	24519.52265
2530	4.459080929	24520.83998
2530	4.509466024	24522.08587
2530	4.55985112	24523.25442
2530	4.610236215	24524.35194
2530	4.66062131	24525.38147
2530	4.711006405	24526.34596
2530	4.761391501	24527.24822
2530	4.811776596	24528.09094
2530	4.862161691	24528.8768
2530	4.912546786	24529.60808
2530	4.962931882	24530.28726
2530	5.013316977	24530.91664
2540	1.990211262	24140.30733
2540	2.040596357	24169.28705
2540	2.090981453	24195.41797
2540	2.141366548	24219.00803
2540	2.191751643	24240.40253
2540	2.242136738	24259.88804
2540	2.292521834	24277.70368
2540	2.342906929	24294.05035
2540	2.393292024	24309.09794
2540	2.443677119	24322.99098
2540	2.494062215	24335.85312
2540	2.54444731	24347.79072
2540	2.594832405	24358.89573
2540	2.6452175	24369.24804
2540	2.695602596	24378.91735
2540	2.745987691	24387.96477
2540	2.796372786	24396.41631
2540	2.846757881	24404.3766
2540	2.897142977	24411.85854
2540	2.947528072	24418.89941
2540	2.997913167	24425.53268
2540	3.048298262	24431.78832
2540	3.098683358	24437.69328
2540	3.149068453	24443.27185
2540	3.199453548	24448.54599
2540	3.249838643	24453.53562
2540	3.300223739	24458.25884
2540	3.350608834	24462.73215
2540	3.400993929	24466.97064
2540	3.451379024	24470.98815
2540	3.50176412	24474.79736
2540	3.552149215	24478.40996
2540	3.60253431	24481.83676
2540	3.652919405	24485.15176
2540	3.703304501	24488.23428
2540	3.753689596	24491.15738
2540	3.804074691	24493.93733
2540	3.854459786	24496.56751
2540	3.904844882	24499.26449
2540	3.955229977	24501.42883
2540	4.005615072	24503.78211
2540	4.056000167	24506.0077
2540	4.106385263	24508.04869
2540	4.156770358	24509.91422
2540	4.207155453	24511.63347
2540	4.257540548	24513.34267
2540	4.307925643	24514.95812
2540	4.358310739	24516.48841
2540	4.408695834	24517.93027
2540	4.459080929	24519.28799
2540	4.509466024	24520.57076
2540	4.55985112	24521.78361
2540	4.610236215	24522.92185
2540	4.66062131	24523.99223
2540	4.711006405	24524.99766
2540	4.761391501	24525.94095
2540	4.811776596	24526.82481
2540	4.862161691	24527.65189
2540	4.912546786	24528.42447
2540	4.962931882	24529.14504
2540	5.013316977	24529.81587
2550	1.990211262	24136.66147
2550	2.040596357	24165.69378
2550	2.090981453	24191.8783
2550	2.141366548	24215.52183
2550	2.191751643	24236.96931
2550	2.242136738	24256.50705
2550	2.292521834	24274.37402
2550	2.342906929	24290.77105
2550	2.393292024	24305.86802
2550	2.443677119	24319.80943
2550	2.494062215	24332.71899
2550	2.54444731	24344.70308
2550	2.594832405	24355.85372
2550	2.6452175	24366.25085
2550	2.695602596	24375.96423
2550	2.745987691	24385.05501
2550	2.796372786	24393.5486
2550	2.846757881	24401.55104
2550	2.897142977	24409.07463
2550	2.947528072	24416.15668
2550	2.997913167	24422.83071
2550	3.048298262	24429.12674
2550	3.098683358	24435.07178
2550	3.149068453	24440.69014
2550	3.199453548	24446.00384
2550	3.249838643	24451.03282
2550	3.300223739	24455.79522
2550	3.350608834	24460.30757
2550	3.400993929	24464.585
2550	3.451379024	24468.64136
2550	3.50176412	24472.48936
2550	3.552149215	24476.14071
2550	3.60253431	24479.60625
2550	3.652919405	24482.89595
2550	3.703304501	24486.08114
2550	3.753689596	24489.04448
2550	3.804074691	24491.8634
2550	3.854459786	24494.53245
2550	3.904844882	24497.27556
2550	3.955229977	24499.47176
2550	4.005615072	24501.86444
2550	4.056000167	24504.13535
2550	4.106385263	24506.22127
2550	4.156770358	24508.13134
2550	4.207155453	24509.87313
2550	4.257540548	24511.62188
2550	4.307925643	24513.277
2550	4.358310739	24514.8471
2550	4.408695834	24516.32885
2550	4.459080929	24517.72654
2550	4.509466024	24519.0494
2550	4.55985112	24520.30247
2550	4.610236215	24521.48102
2550	4.66062131	24522.59179
2550	4.711006405	24523.63772
2550	4.761391501	24524.6216
2550	4.811776596	24525.54613
2550	4.862161691	24526.41387
2550	4.912546786	24527.22739
2550	4.962931882	24527.98886
2550	5.013316977	24528.70067
2560	1.990211262	24133.02271
2560	2.040596357	24162.10712
2560	2.090981453	24188.34476
2560	2.141366548	24212.04133
2560	2.191751643	24233.54137
2560	2.242136738	24253.13093
2560	2.292521834	24271.04886
2560	2.342906929	24287.4959
2560	2.393292024	24302.64188
2560	2.443677119	24316.63135
2560	2.494062215	24329.58801
2560	2.54444731	24341.61829
2560	2.594832405	24352.81426
2560	2.6452175	24363.25591
2560	2.695602596	24373.01307
2560	2.745987691	24382.14695
2560	2.796372786	24390.68232
2560	2.846757881	24398.72664
2560	2.897142977	24406.29159
2560	2.947528072	24413.41455
2560	2.997913167	24420.12907
2560	3.048298262	24426.46523
2560	3.098683358	24432.45007
2560	3.149068453	24438.10796
2560	3.199453548	24443.46094
2560	3.249838643	24448.52899
2560	3.300223739	24453.33028
2560	3.350608834	24457.8814
2560	3.400993929	24462.19746
2560	3.451379024	24466.29238
2560	3.50176412	24470.17887
2560	3.552149215	24473.86867
2560	3.60253431	24477.37262
2560	3.652919405	24480.70075
2560	3.703304501	24483.86233
2560	3.753689596	24486.92608
2560	3.804074691	24489.78504
2560	3.854459786	24492.49266
2560	3.904844882	24495.28158
2560	3.955229977	24497.50927
2560	4.005615072	24499.94098
2560	4.056000167	24502.25688
2560	4.106385263	24504.23566
2560	4.156770358	24506.22136
2560	4.207155453	24508.00944
2560	4.257540548	24509.89315
2560	4.307925643	24511.58783
2560	4.358310739	24513.19733
2560	4.408695834	24514.71856
2560	4.459080929	24516.15582
2560	4.509466024	24517.51836
2560	4.55985112	24518.81123
2560	4.610236215	24520.02965
2560	4.66062131	24521.18039
2560	4.711006405	24522.26637
2560	4.761391501	24523.29039
2560	4.811776596	24524.25514
2560	4.862161691	24525.16318
2560	4.912546786	24526.01708
2560	4.962931882	24526.819
2560	5.013316977	24527.57132
2570	1.990211262	24129.39106
2570	2.040596357	24158.52707
2570	2.090981453	24184.81737
2570	2.141366548	24208.56653
2570	2.191751643	24230.1187
2570	2.242136738	24249.75969
2570	2.292521834	24267.72821
2570	2.342906929	24284.22489
2570	2.393292024	24299.41957
2570	2.443677119	24313.45676
2570	2.494062215	24326.4602
2570	2.54444731	24338.53637
2570	2.594832405	24349.77738
2570	2.6452175	24360.26327
2570	2.695602596	24370.06393
2570	2.745987691	24379.24063
2570	2.796372786	24387.8473
2570	2.846757881	24395.90364
2570	2.897142977	24403.50949
2570	2.947528072	24410.67308
2570	2.997913167	24417.42782
2570	3.048298262	24423.80384
2570	3.098683358	24429.82822
2570	3.149068453	24435.52536
2570	3.199453548	24440.91734
2570	3.249838643	24446.02419
2570	3.300223739	24450.86411
2570	3.350608834	24455.45369
2570	3.400993929	24459.80811
2570	3.451379024	24463.94128
2570	3.50176412	24467.86597
2570	3.552149215	24471.59392
2570	3.60253431	24475.13599
2570	3.652919405	24478.50222
2570	3.703304501	24481.70192
2570	3.753689596	24484.80515
2570	3.804074691	24487.70241
2570	3.854459786	24490.44824
2570	3.904844882	24493.28268
2570	3.955229977	24495.54147
2570	4.005615072	24498.09808
2570	4.056000167	24500.32249
2570	4.106385263	24502.49806
2570	4.156770358	24504.49672
2570	4.207155453	24506.33068
2570	4.257540548	24508.15746
2570	4.307925643	24509.89077
2570	4.358310739	24511.53928
2570	4.408695834	24513.09959
2570	4.459080929	24514.57601
2570	4.509466024	24515.97781
2570	4.55985112	24517.31007
2570	4.610236215	24518.56794
2570	4.66062131	24519.75822
2570	4.711006405	24520.88382
2570	4.761391501	24521.94755
2570	4.811776596	24522.95208
2570	4.862161691	24523.89998
2570	4.912546786	24524.7938
2570	4.962931882	24525.63571
2570	5.013316977	24526.42807
2580	1.990211262	24125.76637
2580	2.040596357	24154.95362
2580	2.090981453	24181.29611
2580	2.141366548	24205.09742
2580	2.191751643	24226.70132
2580	2.242136738	24246.39336
2580	2.292521834	24264.41208
2580	2.342906929	24280.95806
2580	2.393292024	24296.20108
2580	2.443677119	24310.28568
2580	2.494062215	24323.33559
2580	2.54444731	24335.45735
2580	2.594832405	24346.74311
2580	2.6452175	24357.27296
2580	2.695602596	24367.11684
2580	2.745987691	24376.33608
2580	2.796372786	24384.98468
2580	2.846757881	24393.08168
2580	2.897142977	24400.72835
2580	2.947528072	24407.93232
2580	2.997913167	24414.72702
2580	3.048298262	24421.14264
2580	3.098683358	24427.20628
2580	3.149068453	24432.9424
2580	3.199453548	24438.37312
2580	3.249838643	24443.51849
2580	3.300223739	24448.39675
2580	3.350608834	24453.02453
2580	3.400993929	24457.41703
2580	3.451379024	24461.58817
2580	3.50176412	24465.55076
2580	3.552149215	24469.31656
2580	3.60253431	24472.89644
2580	3.652919405	24476.30047
2580	3.703304501	24479.53796
2580	3.753689596	24482.61757
2580	3.804074691	24485.61414
2580	3.854459786	24488.39929
2580	3.904844882	24491.27895
2580	3.955229977	24493.56848
2580	4.005615072	24496.16987
2580	4.056000167	24498.43819
2580	4.106385263	24500.65766
2580	4.156770358	24502.69983
2580	4.207155453	24504.54897
2580	4.257540548	24506.41415
2580	4.307925643	24508.18598
2580	4.358310739	24509.87311
2580	4.408695834	24511.47212
2580	4.459080929	24512.99047
2580	4.509466024	24514.42796
2580	4.55985112	24515.79919
2580	4.610236215	24517.0961
2580	4.66062131	24518.3255
2580	4.711006405	24519.4903
2580	4.761391501	24520.5933
2580	4.811776596	24521.63717
2580	4.862161691	24522.62448
2580	4.912546786	24523.55769
2580	4.962931882	24524.43923
2580	5.013316977	24525.27119
2590	1.990211262	24122.14276
2590	2.040596357	24151.38674
2590	2.090981453	24177.78099
2590	2.141366548	24201.63403
2590	2.191751643	24223.28924
2590	2.242136738	24243.03193
2590	2.292521834	24261.10049
2590	2.342906929	24277.69542
2590	2.393292024	24292.98646
2590	2.443677119	24307.11813
2590	2.494062215	24320.21422
2590	2.54444731	24332.38127
2590	2.594832405	24343.71148
2590	2.6452175	24354.285
2590	2.695602596	24364.17183
2590	2.745987691	24373.43334
2590	2.796372786	24382.12359
2590	2.846757881	24390.29036
2590	2.897142977	24397.94845
2590	2.947528072	24405.19232
2590	2.997913167	24412.02672
2590	3.048298262	24418.48166
2590	3.098683358	24424.5843
2590	3.149068453	24430.35915
2590	3.199453548	24435.82834
2590	3.249838643	24441.01196
2590	3.300223739	24445.92829
2590	3.350608834	24450.59399
2590	3.400993929	24455.02428
2590	3.451379024	24459.23311
2590	3.50176412	24463.23332
2590	3.552149215	24467.03666
2590	3.60253431	24470.65407
2590	3.652919405	24474.09559
2590	3.703304501	24477.37057
2590	3.753689596	24480.48768
2590	3.804074691	24483.46247
2590	3.854459786	24486.55563
2590	3.904844882	24489.03301
2590	3.955229977	24491.7442
2590	4.005615072	24494.25029
2590	4.056000167	24496.56236
2590	4.106385263	24498.66071
2590	4.156770358	24500.76123
2590	4.207155453	24502.67937
2590	4.257540548	24504.66342
2590	4.307925643	24506.47362
2590	4.358310739	24508.199
2590	4.408695834	24509.8363
2590	4.459080929	24511.39305
2590	4.509466024	24512.86898
2590	4.55985112	24514.27878
2590	4.610236215	24515.61432
2590	4.66062131	24516.88243
2590	4.711006405	24518.08601
2590	4.761391501	24519.22786
2590	4.811776596	24520.31065
2590	4.862161691	24521.33693
2590	4.912546786	24522.30918
2590	4.962931882	24523.22982
2590	5.013316977	24524.10092
2600	1.990211262	24118.49578
2600	2.040596357	24147.82646
2600	2.090981453	24174.27202
2600	2.141366548	24198.17634
2600	2.191751643	24219.88245
2600	2.242136738	24239.67542
2600	2.292521834	24257.79346
2600	2.342906929	24274.43699
2600	2.393292024	24289.77571
2600	2.443677119	24303.95415
2600	2.494062215	24317.09609
2600	2.54444731	24329.30814
2600	2.594832405	24340.68252
2600	2.6452175	24351.29943
2600	2.695602596	24361.22893
2600	2.745987691	24370.53245
2600	2.796372786	24379.2641
2600	2.846757881	24387.47169
2600	2.897142977	24395.1694
2600	2.947528072	24402.45312
2600	2.997913167	24409.32696
2600	3.048298262	24415.82097
2600	3.098683358	24421.96236
2600	3.149068453	24427.77566
2600	3.199453548	24433.28305
2600	3.249838643	24438.50466
2600	3.300223739	24443.4588
2600	3.350608834	24448.16214
2600	3.400993929	24452.62994
2600	3.451379024	24456.87618
2600	3.50176412	24460.91372
2600	3.552149215	24464.75433
2600	3.60253431	24468.40895
2600	3.652919405	24471.88768
2600	3.703304501	24475.19984
2600	3.753689596	24478.35414
2600	3.804074691	24481.36624
2600	3.854459786	24484.22789
2600	3.904844882	24487.12503
2600	3.955229977	24489.60671
2600	4.005615072	24492.29674
2600	4.056000167	24494.65198
2600	4.106385263	24496.79028
2600	4.156770358	24498.92836
2600	4.207155453	24500.96497
2600	4.257540548	24502.90612
2600	4.307925643	24504.75385
2600	4.358310739	24506.51709
2600	4.408695834	24508.19233
2600	4.459080929	24509.78707
2600	4.509466024	24511.37805
2600	4.55985112	24512.74636
2600	4.610236215	24514.12281
2600	4.66062131	24515.42921
2600	4.711006405	24516.67115
2600	4.761391501	24517.85143
2600	4.811776596	24518.97272
2600	4.862161691	24520.03756
2600	4.912546786	24521.04841
2600	4.962931882	24522.00772
2600	5.013316977	24522.91752
2610	1.990211262	24114.89084
2610	2.040596357	24144.27281
2610	2.090981453	24170.76919
2610	2.141366548	24194.72437
2610	2.191751643	24216.48099
2610	2.242136738	24236.32384
2610	2.292521834	24254.49099
2610	2.342906929	24271.18278
2610	2.393292024	24286.56886
2610	2.443677119	24300.79374
2610	2.494062215	24313.98125
2610	2.54444731	24326.23799
2610	2.594832405	24337.65626
2610	2.6452175	24348.31629
2610	2.695602596	24358.28819
2610	2.745987691	24367.63345
2610	2.796372786	24376.40622
2610	2.846757881	24384.65439
2610	2.897142977	24392.42044
2610	2.947528072	24399.71497
2610	2.997913167	24406.62779
2610	3.048298262	24413.16062
2610	3.098683358	24419.34049
2610	3.149068453	24425.19199
2610	3.199453548	24430.73732
2610	3.249838643	24435.99666
2610	3.300223739	24440.98833
2610	3.350608834	24445.72905
2610	3.400993929	24450.23409
2610	3.451379024	24454.51746
2610	3.50176412	24458.59205
2610	3.552149215	24462.46964
2610	3.60253431	24466.16119
2610	3.652919405	24469.67682
2610	3.703304501	24473.02587
2610	3.753689596	24476.21706
2610	3.804074691	24479.26616
2610	3.854459786	24482.16472
2610	3.904844882	24485.1005
2610	3.955229977	24487.56413
2610	4.005615072	24490.24039
2610	4.056000167	24492.77597
2610	4.106385263	24494.98902
2610	4.156770358	24497.08945
2610	4.207155453	24499.1632
2610	4.257540548	24501.14169
2610	4.307925643	24503.02683
2610	4.358310739	24504.82394
2610	4.408695834	24506.54035
2610	4.459080929	24508.17272
2610	4.509466024	24509.80592
2610	4.55985112	24511.20745
2610	4.610236215	24512.62174
2610	4.66062131	24513.96603
2610	4.711006405	24515.24594
2610	4.761391501	24516.46424
2610	4.811776596	24517.62361
2610	4.862161691	24518.72658
2610	4.912546786	24519.77561
2610	4.962931882	24520.77305
2610	5.013316977	24521.72122
2620	1.990211262	24111.29291
2620	2.040596357	24140.72575
2620	2.090981453	24167.2725
2620	2.141366548	24191.27812
2620	2.191751643	24213.08484
2620	2.242136738	24232.9772
2620	2.292521834	24251.19311
2620	2.342906929	24267.93282
2620	2.393292024	24283.36592
2620	2.443677119	24297.63694
2620	2.494062215	24310.8697
2620	2.54444731	24323.17086
2620	2.594832405	24334.63272
2620	2.6452175	24345.3356
2620	2.695602596	24355.34963
2620	2.745987691	24364.73637
2620	2.796372786	24373.55
2620	2.846757881	24381.83848
2620	2.897142977	24389.64434
2620	2.947528072	24396.97753
2620	2.997913167	24403.92927
2620	3.048298262	24410.50065
2620	3.098683358	24416.71876
2620	3.149068453	24422.60819
2620	3.199453548	24428.19121
2620	3.249838643	24433.48801
2620	3.300223739	24438.51696
2620	3.350608834	24443.29478
2620	3.400993929	24447.8368
2620	3.451379024	24452.15703
2620	3.50176412	24456.26836
2620	3.552149215	24460.18267
2620	3.60253431	24463.91087
2620	3.652919405	24467.46311
2620	3.703304501	24470.84875
2620	3.753689596	24474.07652
2620	3.804074691	24477.16232
2620	3.854459786	24480.09748
2620	3.904844882	24482.88879
2620	3.955229977	24485.73962
2620	4.005615072	24488.11932
2620	4.056000167	24490.71361
2620	4.106385263	24493.0324
2620	4.156770358	24495.24423
2620	4.207155453	24497.35503
2620	4.257540548	24499.37051
2620	4.307925643	24501.29271
2620	4.358310739	24503.12693
2620	4.408695834	24504.88054
2620	4.459080929	24506.55015
2620	4.509466024	24508.22523
2620	4.55985112	24509.65957
2620	4.610236215	24511.1113
2620	4.66062131	24512.4931
2620	4.711006405	24513.81057
2620	4.761391501	24515.06649
2620	4.811776596	24516.26352
2620	4.862161691	24517.40422
2620	4.912546786	24518.49101
2620	4.962931882	24519.52625
2620	5.013316977	24520.51228
2630	1.990211262	24107.70198
2630	2.040596357	24137.18528
2630	2.090981453	24163.78195
2630	2.141366548	24187.83759
2630	2.191751643	24209.69402
2630	2.242136738	24229.63551
2630	2.292521834	24247.89982
2630	2.342906929	24264.68711
2630	2.393292024	24280.16691
2630	2.443677119	24294.48376
2630	2.494062215	24307.76148
2630	2.54444731	24320.10676
2630	2.594832405	24331.61195
2630	2.6452175	24342.35739
2630	2.695602596	24352.41329
2630	2.745987691	24361.84124
2630	2.796372786	24370.69549
2630	2.846757881	24379.02402
2630	2.897142977	24386.86944
2630	2.947528072	24394.26966
2630	2.997913167	24401.23164
2630	3.048298262	24407.84112
2630	3.098683358	24414.09721
2630	3.149068453	24420.02433
2630	3.199453548	24425.64478
2630	3.249838643	24430.97879
2630	3.300223739	24436.04474
2630	3.350608834	24440.85941
2630	3.400993929	24445.43813
2630	3.451379024	24449.79495
2630	3.50176412	24453.94278
2630	3.552149215	24457.89351
2630	3.60253431	24461.65807
2630	3.652919405	24465.24663
2630	3.703304501	24468.66857
2630	3.753689596	24471.93263
2630	3.804074691	24475.05482
2630	3.854459786	24478.02628
2630	3.904844882	24480.86067
2630	3.955229977	24483.75002
2630	4.005615072	24486.36841
2630	4.056000167	24488.62645
2630	4.106385263	24491.14492
2630	4.156770358	24493.39321
2630	4.207155453	24495.54061
2630	4.257540548	24497.59274
2630	4.307925643	24499.55163
2630	4.358310739	24501.42261
2630	4.408695834	24503.21305
2630	4.459080929	24504.91954
2630	4.509466024	24506.63616
2630	4.55985112	24508.1029
2630	4.610236215	24509.59169
2630	4.66062131	24511.01061
2630	4.711006405	24512.36524
2630	4.761391501	24513.65838
2630	4.811776596	24514.89268
2630	4.862161691	24516.07069
2630	4.912546786	24517.19484
2630	4.962931882	24518.26747
2630	5.013316977	24519.29092
2640	1.990211262	24104.11805
2640	2.040596357	24133.6514
2640	2.090981453	24160.29755
2640	2.141366548	24184.40278
2640	2.191751643	24206.30853
2640	2.242136738	24226.29879
2640	2.292521834	24244.61114
2640	2.342906929	24261.44567
2640	2.393292024	24276.97186
2640	2.443677119	24291.33423
2640	2.494062215	24304.65661
2640	2.54444731	24317.04572
2640	2.594832405	24328.59396
2640	2.6452175	24339.3817
2640	2.695602596	24349.4792
2640	2.745987691	24358.9481
2640	2.796372786	24367.8427
2640	2.846757881	24376.21105
2640	2.897142977	24384.09576
2640	2.947528072	24391.53483
2640	2.997913167	24398.53454
2640	3.048298262	24405.18208
2640	3.098683358	24411.47589
2640	3.149068453	24417.44045
2640	3.199453548	24423.09808
2640	3.249838643	24428.46904
2640	3.300223739	24433.57174
2640	3.350608834	24438.423
2640	3.400993929	24443.03816
2640	3.451379024	24447.43131
2640	3.50176412	24451.61536
2640	3.552149215	24455.60223
2640	3.60253431	24459.40288
2640	3.652919405	24463.02748
2640	3.703304501	24466.48543
2640	3.753689596	24469.78548
2640	3.804074691	24472.94377
2640	3.854459786	24475.95123
2640	3.904844882	24478.82352
2640	3.955229977	24481.75595
2640	4.005615072	24484.18997
2640	4.056000167	24486.86045
2640	4.106385263	24489.26878
2640	4.156770358	24491.53565
2640	4.207155453	24493.72006
2640	4.257540548	24495.80851
2640	4.307925643	24497.80375
2640	4.358310739	24499.71113
2640	4.408695834	24501.53805
2640	4.459080929	24503.28106
2640	4.509466024	24505.03887
2640	4.55985112	24506.54078
2640	4.610236215	24508.06308
2640	4.66062131	24509.51873
2640	4.711006405	24510.91015
2640	4.761391501	24512.24011
2640	4.811776596	24513.51128
2640	4.862161691	24514.7262
2640	4.912546786	24515.8873
2640	4.962931882	24516.99691
2640	5.013316977	24518.05727
2650	1.990211262	24100.5411
2650	2.040596357	24130.12409
2650	2.090981453	24156.81929
2650	2.141366548	24180.97371
2650	2.191751643	24202.92837
2650	2.242136738	24222.96703
2650	2.292521834	24241.32708
2650	2.342906929	24258.20851
2650	2.393292024	24273.78077
2650	2.443677119	24288.18835
2650	2.494062215	24301.55511
2650	2.54444731	24313.98777
2650	2.594832405	24325.57877
2650	2.6452175	24336.40855
2650	2.695602596	24346.54739
2650	2.745987691	24356.05699
2650	2.796372786	24364.99169
2650	2.846757881	24373.39959
2650	2.897142977	24381.32336
2650	2.947528072	24388.80103
2650	2.997913167	24395.83822
2650	3.048298262	24402.52357
2650	3.098683358	24408.85487
2650	3.149068453	24414.85661
2650	3.199453548	24420.55117
2650	3.249838643	24425.95882
2650	3.300223739	24431.09803
2650	3.350608834	24435.98561
2650	3.400993929	24440.63696
2650	3.451379024	24445.06616
2650	3.50176412	24449.28617
2650	3.552149215	24453.30892
2650	3.60253431	24457.14538
2650	3.652919405	24460.80573
2650	3.703304501	24464.29941
2650	3.753689596	24467.63517
2650	3.804074691	24470.82926
2650	3.854459786	24473.87241
2650	3.904844882	24476.78041
2650	3.955229977	24479.75566
2650	4.005615072	24482.21838
2650	4.056000167	24484.87269
2650	4.106385263	24487.35266
2650	4.156770358	24489.76242
2650	4.207155453	24491.89289
2650	4.257540548	24494.01794
2650	4.307925643	24496.0492
2650	4.358310739	24497.99264
2650	4.408695834	24499.85569
2650	4.459080929	24501.63485
2650	4.509466024	24503.43354
2650	4.55985112	24504.96706
2650	4.610236215	24506.52565
2650	4.66062131	24508.01765
2650	4.711006405	24509.44547
2650	4.761391501	24510.81188
2650	4.811776596	24512.11953
2650	4.862161691	24513.37097
2650	4.912546786	24514.56861
2650	4.962931882	24515.7148
2650	5.013316977	24516.81177
2660	1.990211262	24096.93109
2660	2.040596357	24126.60317
2660	2.090981453	24153.34717
2660	2.141366548	24177.55037
2660	2.191751643	24199.55357
2660	2.242136738	24219.64025
2660	2.292521834	24238.04765
2660	2.342906929	24254.97566
2660	2.393292024	24270.59367
2660	2.443677119	24285.04616
2660	2.494062215	24298.45699
2660	2.54444731	24310.93293
2660	2.594832405	24322.56643
2660	2.6452175	24333.43797
2660	2.695602596	24343.61789
2660	2.745987691	24353.16793
2660	2.796372786	24362.14248
2660	2.846757881	24370.58968
2660	2.897142977	24378.55226
2660	2.947528072	24386.06829
2660	2.997913167	24393.17179
2660	3.048298262	24399.86586
2660	3.098683358	24406.23418
2660	3.149068453	24412.27286
2660	3.199453548	24418.0041
2660	3.249838643	24423.4482
2660	3.300223739	24428.62366
2660	3.350608834	24433.54732
2660	3.400993929	24438.23459
2660	3.451379024	24442.69959
2660	3.50176412	24446.95529
2660	3.552149215	24451.01363
2660	3.60253431	24454.88564
2660	3.652919405	24458.58148
2660	3.703304501	24462.11061
2660	3.753689596	24465.48178
2660	3.804074691	24468.71139
2660	3.854459786	24471.78994
2660	3.904844882	24474.73335
2660	3.955229977	24477.75115
2660	4.005615072	24480.24223
2660	4.056000167	24482.93228
2660	4.106385263	24485.49648
2660	4.156770358	24487.80529
2660	4.207155453	24490.01476
2660	4.257540548	24492.22021
2660	4.307925643	24494.28812
2660	4.358310739	24496.26729
2660	4.408695834	24498.16611
2660	4.459080929	24499.98108
2660	4.509466024	24501.7163
2660	4.55985112	24503.38454
2660	4.610236215	24504.97958
2660	4.66062131	24506.50756
2660	4.711006405	24507.97141
2660	4.761391501	24509.37388
2660	4.811776596	24510.71763
2660	4.862161691	24512.00519
2660	4.912546786	24513.23899
2660	4.962931882	24514.42137
2660	5.013316977	24515.55454
2670	1.990211262	24093.36883
2670	2.040596357	24123.08302
2670	2.090981453	24149.88113
2670	2.141366548	24174.13275
2670	2.191751643	24196.18411
2670	2.242136738	24216.31845
2670	2.292521834	24234.77287
2670	2.342906929	24251.74712
2670	2.393292024	24267.41057
2670	2.443677119	24281.90767
2670	2.494062215	24295.36229
2670	2.54444731	24307.88122
2670	2.594832405	24319.55695
2670	2.6452175	24330.46999
2670	2.695602596	24340.69074
2670	2.745987691	24350.28096
2670	2.796372786	24359.29511
2670	2.846757881	24367.78137
2670	2.897142977	24375.78252
2670	2.947528072	24383.33666
2670	2.997913167	24390.47786
2670	3.048298262	24397.23668
2670	3.098683358	24403.61407
2670	3.149068453	24409.68925
2670	3.199453548	24415.45693
2670	3.249838643	24420.93724
2670	3.300223739	24426.14869
2670	3.350608834	24431.10817
2670	3.400993929	24435.83111
2670	3.451379024	24440.33165
2670	3.50176412	24444.62278
2670	3.552149215	24448.71647
2670	3.60253431	24452.62375
2670	3.652919405	24456.3548
2670	3.703304501	24459.9191
2670	3.753689596	24463.32542
2670	3.804074691	24466.59025
2670	3.854459786	24469.70391
2670	3.904844882	24472.68244
2670	3.955229977	24475.74253
2670	4.005615072	24478.26161
2670	4.056000167	24480.98711
2670	4.106385263	24483.59268
2670	4.156770358	24486.01753
2670	4.207155453	24488.22239
2670	4.257540548	24490.37252
2670	4.307925643	24492.52334
2670	4.358310739	24494.53521
2670	4.408695834	24496.46948
2670	4.459080929	24498.31991
2670	4.509466024	24500.09061
2670	4.55985112	24501.79068
2670	4.610236215	24503.42503
2670	4.66062131	24504.98863
2670	4.711006405	24506.48813
2670	4.761391501	24507.92629
2670	4.811776596	24509.30576
2670	4.862161691	24510.62907
2670	4.912546786	24511.89865
2670	4.962931882	24513.11681
2670	5.013316977	24514.28579
2680	1.990211262	24089.81352
2680	2.040596357	24119.57431
2680	2.090981453	24146.42129
2680	2.141366548	24170.72088
2680	2.191751643	24192.82
2680	2.242136738	24213.00165
2680	2.292521834	24231.50273
2680	2.342906929	24248.52291
2680	2.393292024	24264.23149
2680	2.443677119	24278.7729
2680	2.494062215	24292.27102
2680	2.54444731	24304.83266
2680	2.594832405	24316.55035
2680	2.6452175	24327.50464
2680	2.695602596	24337.76595
2680	2.745987691	24347.39611
2680	2.796372786	24356.44962
2680	2.846757881	24364.9747
2680	2.897142977	24373.01416
2680	2.947528072	24380.60617
2680	2.997913167	24387.78484
2680	3.048298262	24394.58075
2680	3.098683358	24400.9942
2680	3.149068453	24407.10584
2680	3.199453548	24412.90971
2680	3.249838643	24418.42598
2680	3.300223739	24423.67318
2680	3.350608834	24428.66824
2680	3.400993929	24433.4266
2680	3.451379024	24437.96243
2680	3.50176412	24442.28873
2680	3.552149215	24446.4175
2680	3.60253431	24450.35978
2680	3.652919405	24454.12578
2680	3.703304501	24457.72497
2680	3.753689596	24461.16615
2680	3.804074691	24464.46593
2680	3.854459786	24467.61442
2680	3.904844882	24470.62777
2680	3.955229977	24473.72989
2680	4.005615072	24476.27665
2680	4.056000167	24479.03729
2680	4.106385263	24481.68394
2680	4.156770358	24484.00122
2680	4.207155453	24486.32995
2680	4.257540548	24488.60868
2680	4.307925643	24490.70282
2680	4.358310739	24492.79907
2680	4.408695834	24494.76591
2680	4.459080929	24496.65148
2680	4.509466024	24498.45732
2680	4.55985112	24500.19258
2680	4.610236215	24501.86217
2680	4.66062131	24503.46104
2680	4.711006405	24504.99583
2680	4.761391501	24506.46931
2680	4.811776596	24507.88413
2680	4.862161691	24509.24281
2680	4.912546786	24510.54778
2680	4.962931882	24511.80135
2680	5.013316977	24513.00575
2690	1.990211262	24086.26514
2690	2.040596357	24116.04186
2690	2.090981453	24142.96759
2690	2.141366548	24167.31474
2690	2.191751643	24189.46126
2690	2.242136738	24209.68986
2690	2.292521834	24228.23726
2690	2.342906929	24245.30303
2690	2.393292024	24261.05643
2690	2.443677119	24275.64186
2690	2.494062215	24289.18321
2690	2.54444731	24301.78729
2690	2.594832405	24313.54667
2690	2.6452175	24324.54194
2690	2.695602596	24334.84356
2690	2.745987691	24344.51341
2690	2.796372786	24353.60603
2690	2.846757881	24362.16968
2690	2.897142977	24370.24723
2690	2.947528072	24377.87688
2690	2.997913167	24385.09277
2690	3.048298262	24391.92554
2690	3.098683358	24398.40274
2690	3.149068453	24404.52287
2690	3.199453548	24410.36249
2690	3.249838643	24415.91448
2690	3.300223739	24421.1972
2690	3.350608834	24426.22758
2690	3.400993929	24431.02111
2690	3.451379024	24435.59198
2690	3.50176412	24439.9532
2690	3.552149215	24444.11679
2690	3.60253431	24448.09382
2690	3.652919405	24451.8945
2690	3.703304501	24455.52832
2690	3.753689596	24459.00409
2690	3.804074691	24462.33853
2690	3.854459786	24465.52156
2690	3.904844882	24468.56945
2690	3.955229977	24471.71334
2690	4.005615072	24474.28745
2690	4.056000167	24477.08292
2690	4.106385263	24479.7704
2690	4.156770358	24482.11603
2690	4.207155453	24484.47938
2690	4.257540548	24486.64993
2690	4.307925643	24488.96934
2690	4.358310739	24491.01017
2690	4.408695834	24493.05439
2690	4.459080929	24494.97592
2690	4.509466024	24496.81658
2690	4.55985112	24498.58668
2690	4.610236215	24500.29118
2690	4.66062131	24501.92495
2690	4.711006405	24503.49468
2690	4.761391501	24505.00312
2690	4.811776596	24506.45291
2690	4.862161691	24507.8466
2690	4.912546786	24509.18658
2690	4.962931882	24510.47519
2690	5.013316977	24511.71463
2700	1.990211262	24082.72367
2700	2.040596357	24112.54583
2700	2.090981453	24139.52001
2700	2.141366548	24163.91433
2700	2.191751643	24186.10788
2700	2.242136738	24206.38307
2700	2.292521834	24224.97646
2700	2.342906929	24242.08751
2700	2.393292024	24257.88543
2700	2.443677119	24272.51458
2700	2.494062215	24286.09886
2700	2.54444731	24298.74511
2700	2.594832405	24310.54592
2700	2.6452175	24321.58191
2700	2.695602596	24331.9236
2700	2.745987691	24341.63289
2700	2.796372786	24350.76437
2700	2.846757881	24359.36636
2700	2.897142977	24367.48176
2700	2.947528072	24375.14881
2700	2.997913167	24382.40169
2700	3.048298262	24389.27109
2700	3.098683358	24395.78458
2700	3.149068453	24401.93999
2700	3.199453548	24407.81532
2700	3.249838643	24413.40279
2700	3.300223739	24418.72078
2700	3.350608834	24423.78626
2700	3.400993929	24428.61471
2700	3.451379024	24433.22037
2700	3.50176412	24437.61626
2700	3.552149215	24441.81441
2700	3.60253431	24445.82593
2700	3.652919405	24449.66102
2700	3.703304501	24453.32921
2700	3.753689596	24456.8393
2700	3.804074691	24460.20813
2700	3.854459786	24463.42543
2700	3.904844882	24466.50757
2700	3.955229977	24469.69298
2700	4.005615072	24472.29412
2700	4.056000167	24475.21419
2700	4.106385263	24477.80236
2700	4.156770358	24480.34916
2700	4.207155453	24482.72261
2700	4.257540548	24484.92486
2700	4.307925643	24487.13527
2700	4.358310739	24489.30259
2700	4.408695834	24491.29537
2700	4.459080929	24493.28838
2700	4.509466024	24495.16854
2700	4.55985112	24496.97316
2700	4.610236215	24498.71221
2700	4.66062131	24500.38054
2700	4.711006405	24501.98485
2700	4.761391501	24503.52789
2700	4.811776596	24505.01231
2700	4.862161691	24506.44063
2700	4.912546786	24507.81526
2700	4.962931882	24509.13852
2700	5.013316977	24510.41263
2710	1.990211262	24079.18911
2710	2.040596357	24109.05183
2710	2.090981453	24136.07852
2710	2.141366548	24160.51966
2710	2.191751643	24182.75986
2710	2.242136738	24203.08129
2710	2.292521834	24221.72034
2710	2.342906929	24238.87635
2710	2.393292024	24254.71848
2710	2.443677119	24269.39107
2710	2.494062215	24283.018
2710	2.54444731	24295.70615
2710	2.594832405	24307.54813
2710	2.6452175	24318.62459
2710	2.695602596	24329.00609
2710	2.745987691	24338.75458
2710	2.796372786	24347.92469
2710	2.846757881	24356.56478
2710	2.897142977	24364.71779
2710	2.947528072	24372.422
2710	2.997913167	24379.71165
2710	3.048298262	24386.61743
2710	3.098683358	24393.16698
2710	3.149068453	24399.38524
2710	3.199453548	24405.26847
2710	3.249838643	24410.89098
2710	3.300223739	24416.244
2710	3.350608834	24421.34432
2710	3.400993929	24426.20746
2710	3.451379024	24430.84766
2710	3.50176412	24435.27797
2710	3.552149215	24439.51045
2710	3.60253431	24443.55618
2710	3.652919405	24447.42544
2710	3.703304501	24451.12773
2710	3.753689596	24454.67187
2710	3.804074691	24458.07482
2710	3.854459786	24461.32612
2710	3.904844882	24464.44223
2710	3.955229977	24467.6689
2710	4.005615072	24470.29675
2710	4.056000167	24473.25756
2710	4.106385263	24475.8856
2710	4.156770358	24478.47219
2710	4.207155453	24480.885
2710	4.257540548	24483.09779
2710	4.307925643	24485.34222
2710	4.358310739	24487.49804
2710	4.408695834	24489.57376
2710	4.459080929	24491.59903
2710	4.509466024	24493.48177
2710	4.55985112	24495.35485
2710	4.610236215	24497.1254
2710	4.66062131	24498.82797
2710	4.711006405	24500.46651
2710	4.761391501	24502.0438
2710	4.811776596	24503.56249
2710	4.862161691	24505.02508
2710	4.912546786	24506.43401
2710	4.962931882	24507.79156
2710	5.013316977	24509.09996
2720	1.990211262	24075.66145
2720	2.040596357	24105.56873
2720	2.090981453	24132.6432
2720	2.141366548	24157.13074
2720	2.191751643	24179.41721
2720	2.242136738	24199.78454
2720	2.292521834	24218.46891
2720	2.342906929	24235.66957
2720	2.393292024	24251.55561
2720	2.443677119	24266.27134
2720	2.494062215	24279.94066
2720	2.54444731	24292.67043
2720	2.594832405	24304.55332
2720	2.6452175	24315.67
2720	2.695602596	24326.09106
2720	2.745987691	24335.87851
2720	2.796372786	24345.08701
2720	2.846757881	24353.76496
2720	2.897142977	24361.95535
2720	2.947528072	24369.6965
2720	2.997913167	24377.02267
2720	3.048298262	24383.96462
2720	3.098683358	24390.55
2720	3.149068453	24396.80378
2720	3.199453548	24402.72156
2720	3.249838643	24408.37908
2720	3.300223739	24413.7669
2720	3.350608834	24418.90183
2720	3.400993929	24423.79942
2720	3.451379024	24428.47391
2720	3.50176412	24432.93841
2720	3.552149215	24437.20495
2720	3.60253431	24441.28466
2720	3.652919405	24445.18783
2720	3.703304501	24448.92395
2720	3.753689596	24452.50189
2720	3.804074691	24455.93869
2720	3.854459786	24459.22371
2720	3.904844882	24462.37352
2720	3.955229977	24465.64122
2720	4.005615072	24468.29545
2720	4.056000167	24471.29674
2720	4.106385263	24473.96439
2720	4.156770358	24476.43065
2720	4.207155453	24478.89607
2720	4.257540548	24481.26506
2720	4.307925643	24483.54344
2720	4.358310739	24485.73302
2720	4.408695834	24487.84254
2720	4.459080929	24489.86827
2720	4.509466024	24491.85324
2720	4.55985112	24493.69438
2720	4.610236215	24495.52989
2720	4.66062131	24497.32033
2720	4.711006405	24498.93925
2720	4.761391501	24500.55101
2720	4.811776596	24502.10363
2720	4.862161691	24503.60015
2720	4.912546786	24505.04301
2720	4.962931882	24506.43449
2720	5.013316977	24507.77683
2730	1.990211262	24072.15093
2730	2.040596357	24102.09219
2730	2.090981453	24129.214
2730	2.141366548	24153.74754
2730	2.191751643	24176.07994
2730	2.242136738	24196.49281
2730	2.292521834	24215.22218
2730	2.342906929	24232.46718
2730	2.393292024	24248.39682
2730	2.443677119	24263.15542
2730	2.494062215	24276.86684
2730	2.54444731	24289.63798
2730	2.594832405	24301.56151
2730	2.6452175	24312.71815
2730	2.695602596	24323.17854
2730	2.745987691	24333.0047
2730	2.796372786	24342.25136
2730	2.846757881	24350.96694
2730	2.897142977	24359.19448
2730	2.947528072	24366.97233
2730	2.997913167	24374.33481
2730	3.048298262	24381.31269
2730	3.098683358	24387.93367
2730	3.149068453	24394.22275
2730	3.199453548	24400.20254
2730	3.249838643	24405.86736
2730	3.300223739	24411.28955
2730	3.350608834	24416.45885
2730	3.400993929	24421.39065
2730	3.451379024	24426.0992
2730	3.50176412	24430.59763
2730	3.552149215	24434.89799
2730	3.60253431	24439.01143
2730	3.652919405	24442.94826
2730	3.703304501	24446.71797
2730	3.753689596	24450.32943
2730	3.804074691	24453.79982
2730	3.854459786	24457.11829
2730	3.904844882	24460.30154
2730	3.955229977	24463.61001
2730	4.005615072	24466.29032
2730	4.056000167	24469.33184
2730	4.106385263	24472.03885
2730	4.156770358	24474.526
2730	4.207155453	24477.02483
2730	4.257540548	24479.42724
2730	4.307925643	24481.73907
2730	4.358310739	24483.9621
2730	4.408695834	24486.10511
2730	4.459080929	24488.16432
2730	4.509466024	24490.1471
2730	4.55985112	24492.13419
2730	4.610236215	24493.92829
2730	4.66062131	24495.75588
2730	4.711006405	24497.40439
2730	4.761391501	24499.02693
2730	4.811776596	24500.63506
2730	4.862161691	24502.166
2730	4.912546786	24503.64245
2730	4.962931882	24505.06751
2730	5.013316977	24506.44342
2740	1.990211262	24068.63645
2740	2.040596357	24098.62204
2740	2.090981453	24125.79092
2740	2.141366548	24150.37009
2740	2.191751643	24172.74804
2740	2.242136738	24193.20612
2740	2.292521834	24211.98016
2740	2.342906929	24229.26918
2740	2.393292024	24245.24214
2740	2.443677119	24260.04331
2740	2.494062215	24273.79656
2740	2.54444731	24286.6088
2740	2.594832405	24298.57272
2740	2.6452175	24309.76909
2740	2.695602596	24320.26855
2740	2.745987691	24330.13319
2740	2.796372786	24339.41777
2740	2.846757881	24348.17075
2740	2.897142977	24356.43521
2740	2.947528072	24364.24954
2740	2.997913167	24371.6481
2740	3.048298262	24378.66169
2740	3.098683358	24385.31804
2740	3.149068453	24391.64219
2740	3.199453548	24397.65679
2740	3.249838643	24403.35546
2740	3.300223739	24408.81198
2740	3.350608834	24414.01543
2740	3.400993929	24418.9812
2740	3.451379024	24423.72358
2740	3.50176412	24428.2557
2740	3.552149215	24432.58964
2740	3.60253431	24436.73657
2740	3.652919405	24440.7068
2740	3.703304501	24444.50984
2740	3.753689596	24448.15458
2740	3.804074691	24451.6583
2740	3.854459786	24455.00996
2740	3.904844882	24458.22637
2740	3.955229977	24461.57538
2740	4.005615072	24464.28146
2740	4.056000167	24467.36296
2740	4.106385263	24470.10908
2740	4.156770358	24472.67421
2740	4.207155453	24475.14881
2740	4.257540548	24477.58425
2740	4.307925643	24479.92923
2740	4.358310739	24482.1854
2740	4.408695834	24484.35792
2740	4.459080929	24486.45397
2740	4.509466024	24488.46993
2740	4.55985112	24490.49487
2740	4.610236215	24492.28321
2740	4.66062131	24494.0921
2740	4.711006405	24495.8611
2740	4.761391501	24497.51582
2740	4.811776596	24499.15863
2740	4.862161691	24500.7045
2740	4.912546786	24502.23176
2740	4.962931882	24503.6908
2740	5.013316977	24505.09994
2750	1.990211262	24065.12884
2750	2.040596357	24095.15836
2750	2.090981453	24122.37396
2750	2.141366548	24146.99837
2750	2.191751643	24169.42151
2750	2.242136738	24189.92446
2750	2.292521834	24208.74285
2750	2.342906929	24226.07559
2750	2.393292024	24242.09157
2750	2.443677119	24256.93503
2750	2.494062215	24270.72984
2750	2.54444731	24283.58292
2750	2.594832405	24295.58699
2750	2.6452175	24306.82282
2750	2.695602596	24317.36112
2750	2.745987691	24327.26401
2750	2.796372786	24336.58627
2750	2.846757881	24345.37642
2750	2.897142977	24353.67757
2750	2.947528072	24361.52816
2750	2.997913167	24368.96257
2750	3.048298262	24376.01165
2750	3.098683358	24382.70315
2750	3.149068453	24389.06215
2750	3.199453548	24395.11133
2750	3.249838643	24400.87126
2750	3.300223739	24406.33446
2750	3.350608834	24411.57162
2750	3.400993929	24416.57113
2750	3.451379024	24421.3471
2750	3.50176412	24425.91268
2750	3.552149215	24430.27997
2750	3.60253431	24434.46013
2750	3.652919405	24438.4635
2750	3.703304501	24442.29965
2750	3.753689596	24445.97741
2750	3.804074691	24449.5142
2750	3.854459786	24452.8988
2750	3.904844882	24456.1481
2750	3.955229977	24459.26129
2750	4.005615072	24462.44035
2750	4.056000167	24465.14636
2750	4.106385263	24468.03805
2750	4.156770358	24470.70339
2750	4.207155453	24473.26783
2750	4.257540548	24475.73621
2750	4.307925643	24478.11403
2750	4.358310739	24480.40305
2750	4.408695834	24482.60843
2750	4.459080929	24484.73735
2750	4.509466024	24486.78619
2750	4.55985112	24488.84869
2750	4.610236215	24490.66522
2750	4.66062131	24492.50701
2750	4.711006405	24494.28211
2750	4.761391501	24495.99598
2750	4.811776596	24497.67368
2750	4.862161691	24499.25099
2750	4.912546786	24500.8126
2750	4.962931882	24502.29064
2750	5.013316977	24503.74591
2760	1.990211262	24061.6281
2760	2.040596357	24091.70113
2760	2.090981453	24118.96293
2760	2.141366548	24143.63239
2760	2.191751643	24166.10037
2760	2.242136738	24186.64784
2760	2.292521834	24205.51027
2760	2.342906929	24222.88641
2760	2.393292024	24238.94512
2760	2.443677119	24253.8306
2760	2.494062215	24267.66671
2760	2.54444731	24280.56036
2760	2.594832405	24292.60431
2760	2.6452175	24303.87937
2760	2.695602596	24314.45627
2760	2.745987691	24324.39717
2760	2.796372786	24333.75688
2760	2.846757881	24342.58398
2760	2.897142977	24350.9216
2760	2.947528072	24358.80823
2760	2.997913167	24366.27827
2760	3.048298262	24373.36261
2760	3.098683358	24380.08905
2760	3.149068453	24386.48268
2760	3.199453548	24392.56621
2760	3.249838643	24398.36024
2760	3.300223739	24403.88355
2760	3.350608834	24409.12768
2760	3.400993929	24414.1605
2760	3.451379024	24418.96983
2760	3.50176412	24423.56863
2760	3.552149215	24427.96903
2760	3.60253431	24432.1822
2760	3.652919405	24436.21848
2760	3.703304501	24440.08747
2760	3.753689596	24443.79801
2760	3.804074691	24447.36761
2760	3.854459786	24450.78488
2760	3.904844882	24454.06683
2760	3.955229977	24457.21938
2760	4.005615072	24460.43796
2760	4.056000167	24463.16728
2760	4.106385263	24466.08742
2760	4.156770358	24468.87017
2760	4.207155453	24471.47729
2760	4.257540548	24473.88338
2760	4.307925643	24476.2936
2760	4.358310739	24478.61518
2760	4.408695834	24480.85311
2760	4.459080929	24483.01461
2760	4.509466024	24485.09601
2760	4.55985112	24487.19579
2760	4.610236215	24489.04018
2760	4.66062131	24490.91454
2760	4.711006405	24492.72221
2760	4.761391501	24494.46866
2760	4.811776596	24496.15651
2760	4.862161691	24497.78828
2760	4.912546786	24499.38443
2760	4.962931882	24500.89354
2760	5.013316977	24502.38282
2770	1.990211262	24058.13414
2770	2.040596357	24088.25034
2770	2.090981453	24115.55213
2770	2.141366548	24140.27209
2770	2.191751643	24162.78461
2770	2.242136738	24183.37628
2770	2.292521834	24202.28241
2770	2.342906929	24219.70167
2770	2.393292024	24235.80281
2770	2.443677119	24250.73003
2770	2.494062215	24264.60716
2770	2.54444731	24277.54114
2770	2.594832405	24289.62473
2770	2.6452175	24300.93877
2770	2.695602596	24311.55403
2770	2.745987691	24321.5327
2770	2.796372786	24330.92965
2770	2.846757881	24339.79346
2770	2.897142977	24348.16733
2770	2.947528072	24356.08977
2770	2.997913167	24363.59522
2770	3.048298262	24370.71461
2770	3.098683358	24377.47576
2770	3.149068453	24383.9038
2770	3.199453548	24390.02147
2770	3.249838643	24395.84939
2770	3.300223739	24401.40636
2770	3.350608834	24406.68325
2770	3.400993929	24411.74936
2770	3.451379024	24416.59183
2770	3.50176412	24421.22362
2770	3.552149215	24425.65689
2770	3.60253431	24429.90283
2770	3.652919405	24433.97179
2770	3.703304501	24437.87337
2770	3.753689596	24441.61644
2770	3.804074691	24445.21861
2770	3.854459786	24448.6683
2770	3.904844882	24451.98263
2770	3.955229977	24455.1684
2770	4.005615072	24458.42633
2770	4.056000167	24461.18011
2770	4.106385263	24464.1328
2770	4.156770358	24466.95393
2770	4.207155453	24469.59898
2770	4.257540548	24472.02559
2770	4.307925643	24474.46806
2770	4.358310739	24476.8219
2770	4.408695834	24479.09209
2770	4.459080929	24481.28587
2770	4.509466024	24483.39952
2770	4.55985112	24485.53631
2770	4.610236215	24487.41143
2770	4.66062131	24489.31484
2770	4.711006405	24491.15476
2770	4.761391501	24492.93346
2770	4.811776596	24494.65356
2770	4.862161691	24496.31756
2770	4.912546786	24497.92786
2770	4.962931882	24499.48676
2770	5.013316977	24500.99645
2780	1.990211262	24054.64715
2780	2.040596357	24084.806
2780	2.090981453	24112.12098
2780	2.141366548	24136.91759
2780	2.191751643	24159.47423
2780	2.242136738	24180.10976
2780	2.292521834	24199.05929
2780	2.342906929	24216.52135
2780	2.393292024	24232.66465
2780	2.443677119	24247.63333
2780	2.494062215	24261.55122
2780	2.54444731	24274.52526
2780	2.594832405	24286.64824
2780	2.6452175	24298.00103
2780	2.695602596	24308.65442
2780	2.745987691	24318.67063
2780	2.796372786	24328.10458
2780	2.846757881	24337.00489
2780	2.897142977	24345.41479
2780	2.947528072	24353.37282
2780	2.997913167	24360.91347
2780	3.048298262	24368.06769
2780	3.098683358	24374.86334
2780	3.149068453	24381.32557
2780	3.199453548	24387.47715
2780	3.249838643	24393.33875
2780	3.300223739	24398.92917
2780	3.350608834	24404.26555
2780	3.400993929	24409.33798
2780	3.451379024	24414.21314
2780	3.50176412	24418.87771
2780	3.552149215	24423.34362
2780	3.60253431	24427.62209
2780	3.652919405	24431.72348
2780	3.703304501	24435.65742
2780	3.753689596	24439.43278
2780	3.804074691	24443.06727
2780	3.854459786	24446.54913
2780	3.904844882	24449.89559
2780	3.955229977	24453.11346
2780	4.005615072	24456.4105
2780	4.056000167	24459.1893
2780	4.106385263	24462.17428
2780	4.156770358	24465.03354
2780	4.207155453	24467.71629
2780	4.257540548	24470.16308
2780	4.307925643	24472.63752
2780	4.358310739	24475.02333
2780	4.408695834	24477.32549
2780	4.459080929	24479.55125
2780	4.509466024	24481.69687
2780	4.55985112	24483.76632
2780	4.610236215	24485.7722
2780	4.66062131	24487.70805
2780	4.711006405	24489.57992
2780	4.761391501	24491.39056
2780	4.811776596	24493.14258
2780	4.862161691	24494.83849
2780	4.912546786	24496.48069
2780	4.962931882	24498.07147
2780	5.013316977	24499.61301
2790	1.990211262	24051.1669
2790	2.040596357	24081.36807
2790	2.090981453	24108.72706
2790	2.141366548	24133.56881
2790	2.191751643	24156.16924
2790	2.242136738	24176.8483
2790	2.292521834	24195.84091
2790	2.342906929	24213.34549
2790	2.393292024	24229.53065
2790	2.443677119	24244.54052
2790	2.494062215	24258.49891
2790	2.54444731	24271.51276
2790	2.594832405	24283.67489
2790	2.6452175	24295.06618
2790	2.695602596	24305.75746
2790	2.745987691	24315.81099
2790	2.796372786	24325.28172
2790	2.846757881	24334.2183
2790	2.897142977	24342.66401
2790	2.947528072	24350.65742
2790	2.997913167	24358.23304
2790	3.048298262	24365.42188
2790	3.098683358	24372.25181
2790	3.149068453	24378.74802
2790	3.199453548	24384.93331
2790	3.249838643	24390.82837
2790	3.300223739	24396.45201
2790	3.350608834	24401.82142
2790	3.400993929	24406.95231
2790	3.451379024	24411.83404
2790	3.50176412	24416.53094
2790	3.552149215	24421.02926
2790	3.60253431	24425.34004
2790	3.652919405	24429.47364
2790	3.703304501	24433.4397
2790	3.753689596	24437.2471
2790	3.804074691	24440.91367
2790	3.854459786	24444.42746
2790	3.904844882	24447.80579
2790	3.955229977	24451.0555
2790	4.005615072	24454.39144
2790	4.056000167	24457.19497
2790	4.106385263	24460.21197
2790	4.156770358	24463.10913
2790	4.207155453	24465.82933
2790	4.257540548	24468.38124
2790	4.307925643	24470.80106
2790	4.358310739	24473.2196
2790	4.408695834	24475.55344
2790	4.459080929	24477.8109
2790	4.509466024	24479.98819
2790	4.55985112	24482.08928
2790	4.610236215	24484.12306
2790	4.66062131	24486.09433
2790	4.711006405	24487.99784
2790	4.761391501	24489.8401
2790	4.811776596	24491.62373
2790	4.862161691	24493.35123
2790	4.912546786	24495.02501
2790	4.962931882	24496.64734
2790	5.013316977	24498.22042
2800	1.990211262	24047.69346
2800	2.040596357	24077.93657
2800	2.090981453	24105.33907
2800	2.141366548	24130.22576
2800	2.191751643	24152.86963
2800	2.242136738	24173.59189
2800	2.292521834	24192.62727
2800	2.342906929	24210.17407
2800	2.393292024	24226.40082
2800	2.443677119	24241.45161
2800	2.494062215	24255.45023
2800	2.54444731	24268.50365
2800	2.594832405	24280.70467
2800	2.6452175	24292.13423
2800	2.695602596	24302.86317
2800	2.745987691	24312.9538
2800	2.796372786	24322.46108
2800	2.846757881	24331.43372
2800	2.897142977	24339.91502
2800	2.947528072	24347.94359
2800	2.997913167	24355.55398
2800	3.048298262	24362.77722
2800	3.098683358	24369.64122
2800	3.149068453	24376.1712
2800	3.199453548	24382.38998
2800	3.249838643	24388.31828
2800	3.300223739	24393.97494
2800	3.350608834	24399.37716
2800	3.400993929	24404.54068
2800	3.451379024	24409.47989
2800	3.50176412	24414.18358
2800	3.552149215	24418.7139
2800	3.60253431	24423.05674
2800	3.652919405	24427.22232
2800	3.703304501	24431.22025
2800	3.753689596	24435.05948
2800	3.804074691	24438.75788
2800	3.854459786	24442.30335
2800	3.904844882	24445.71332
2800	3.955229977	24448.99462
2800	4.005615072	24452.36923
2800	4.056000167	24455.19721
2800	4.106385263	24458.24596
2800	4.156770358	24461.18079
2800	4.207155453	24463.9382
2800	4.257540548	24466.52688
2800	4.307925643	24468.96087
2800	4.358310739	24471.41081
2800	4.408695834	24473.77606
2800	4.459080929	24476.06492
2800	4.509466024	24478.27359
2800	4.55985112	24480.40604
2800	4.610236215	24482.47117
2800	4.66062131	24484.47381
2800	4.711006405	24486.40865
2800	4.761391501	24488.28223
2800	4.811776596	24490.09716
2800	4.862161691	24491.85595
2800	4.912546786	24493.56099
2800	4.962931882	24495.21456
2800	5.013316977	24496.81885
2810	1.990211262	24044.22681
2810	2.040596357	24074.51148
2810	2.090981453	24101.95272
2810	2.141366548	24126.8884
2810	2.191751643	24149.57541
2810	2.242136738	24170.34055
2810	2.292521834	24189.4184
2810	2.342906929	24207.00711
2810	2.393292024	24223.27517
2810	2.443677119	24238.36661
2810	2.494062215	24252.40521
2810	2.54444731	24265.49793
2810	2.594832405	24277.73762
2810	2.6452175	24289.20521
2810	2.695602596	24299.97159
2810	2.745987691	24310.09908
2810	2.796372786	24319.64269
2810	2.846757881	24328.65118
2810	2.897142977	24337.16785
2810	2.947528072	24345.23137
2810	2.997913167	24352.87632
2810	3.048298262	24360.13375
2810	3.098683358	24367.03161
2810	3.149068453	24373.59515
2810	3.199453548	24379.84721
2810	3.249838643	24385.80854
2810	3.300223739	24391.498
2810	3.350608834	24396.93282
2810	3.400993929	24402.12875
2810	3.451379024	24407.10021
2810	3.50176412	24411.83529
2810	3.552149215	24416.39757
2810	3.60253431	24420.77227
2810	3.652919405	24424.96959
2810	3.703304501	24428.99917
2810	3.753689596	24432.86998
2810	3.804074691	24436.59999
2810	3.854459786	24440.1769
2810	3.904844882	24443.61825
2810	3.955229977	24446.9309
2810	4.005615072	24450.34396
2810	4.056000167	24453.1961
2810	4.106385263	24456.27635
2810	4.156770358	24459.24861
2810	4.207155453	24461.88826
2810	4.257540548	24464.54807
2810	4.307925643	24467.01366
2810	4.358310739	24469.59679
2810	4.408695834	24471.99345
2810	4.459080929	24474.31344
2810	4.509466024	24476.55321
2810	4.55985112	24478.71672
2810	4.610236215	24480.81292
2810	4.66062131	24482.84664
2810	4.711006405	24484.81251
2810	4.761391501	24486.7171
2810	4.811776596	24488.56303
2810	4.862161691	24490.3528
2810	4.912546786	24492.08879
2810	4.962931882	24493.77328
2810	5.013316977	24495.40846
2820	1.990211262	24040.76693
2820	2.040596357	24071.09278
2820	2.090981453	24098.57677
2820	2.141366548	24123.5568
2820	2.191751643	24146.28658
2820	2.242136738	24167.09427
2820	2.292521834	24186.21428
2820	2.342906929	24203.84462
2820	2.393292024	24220.15371
2820	2.443677119	24235.28553
2820	2.494062215	24249.36385
2820	2.54444731	24262.49564
2820	2.594832405	24274.77374
2820	2.6452175	24286.27913
2820	2.695602596	24297.08271
2820	2.745987691	24307.24685
2820	2.796372786	24316.82658
2820	2.846757881	24325.87069
2820	2.897142977	24334.42253
2820	2.947528072	24342.52078
2820	2.997913167	24350.20008
2820	3.048298262	24357.4915
2820	3.098683358	24364.42301
2820	3.149068453	24371.0199
2820	3.199453548	24377.30503
2820	3.249838643	24383.29918
2820	3.300223739	24389.02123
2820	3.350608834	24394.48844
2820	3.400993929	24399.71656
2820	3.451379024	24404.72006
2820	3.50176412	24409.51219
2820	3.552149215	24414.08054
2820	3.60253431	24418.48667
2820	3.652919405	24422.71551
2820	3.703304501	24426.77652
2820	3.753689596	24430.67868
2820	3.804074691	24434.44005
2820	3.854459786	24438.04816
2820	3.904844882	24441.52067
2820	3.955229977	24444.86441
2820	4.005615072	24448.31571
2820	4.056000167	24451.19173
2820	4.106385263	24454.38934
2820	4.156770358	24457.25601
2820	4.207155453	24460.08799
2820	4.257540548	24462.66794
2820	4.307925643	24465.16931
2820	4.358310739	24467.77825
2820	4.408695834	24470.20574
2820	4.459080929	24472.55658
2820	4.509466024	24474.82716
2820	4.55985112	24477.02146
2820	4.610236215	24479.14843
2820	4.66062131	24481.21294
2820	4.711006405	24483.20955
2820	4.761391501	24485.14487
2820	4.811776596	24487.02149
2820	4.862161691	24488.84193
2820	4.912546786	24490.60856
2820	4.962931882	24492.32367
2820	5.013316977	24493.98944
2830	1.990211262	24037.31382
2830	2.040596357	24067.68047
2830	2.090981453	24095.20684
2830	2.141366548	24120.23092
2830	2.191751643	24143.00313
2830	2.242136738	24163.85306
2830	2.292521834	24183.01492
2830	2.342906929	24200.68661
2830	2.393292024	24217.03644
2830	2.443677119	24232.20838
2830	2.494062215	24246.32617
2830	2.54444731	24259.49678
2830	2.594832405	24271.81307
2830	2.6452175	24283.35602
2830	2.695602596	24294.19658
2830	2.745987691	24304.39714
2830	2.796372786	24314.01278
2830	2.846757881	24323.09229
2830	2.897142977	24331.67908
2830	2.947528072	24339.81187
2830	2.997913167	24347.5253
2830	3.048298262	24354.8505
2830	3.098683358	24361.81546
2830	3.149068453	24368.44549
2830	3.199453548	24374.76349
2830	3.249838643	24380.79025
2830	3.300223739	24386.54469
2830	3.350608834	24392.04407
2830	3.400993929	24397.30419
2830	3.451379024	24402.3395
2830	3.50176412	24407.1633
2830	3.552149215	24411.78783
2830	3.60253431	24416.20021
2830	3.652919405	24420.46015
2830	3.703304501	24424.55237
2830	3.753689596	24428.48563
2830	3.804074691	24432.27814
2830	3.854459786	24435.91723
2830	3.904844882	24439.42065
2830	3.955229977	24442.79525
2830	4.005615072	24446.28456
2830	4.056000167	24449.18419
2830	4.106385263	24452.41924
2830	4.156770358	24455.3225
2830	4.207155453	24458.19093
2830	4.257540548	24460.88899
2830	4.307925643	24463.41268
2830	4.358310739	24465.95524
2830	4.408695834	24468.41305
2830	4.459080929	24470.79446
2830	4.509466024	24473.09558
2830	4.55985112	24475.32362
2830	4.610236215	24477.47785
2830	4.66062131	24479.57285
2830	4.711006405	24481.59992
2830	4.761391501	24483.56566
2830	4.811776596	24485.47269
2830	4.862161691	24487.3235
2830	4.912546786	24489.12048
2830	4.962931882	24490.8659
2830	5.013316977	24492.56195
2840	1.990211262	24033.86746
2840	2.040596357	24064.27454
2840	2.090981453	24091.84294
2840	2.141366548	24116.91077
2840	2.191751643	24139.72506
2840	2.242136738	24160.61692
2840	2.292521834	24179.82033
2840	2.342906929	24197.53307
2840	2.393292024	24213.92339
2840	2.443677119	24229.13517
2840	2.494062215	24243.29219
2840	2.54444731	24256.50137
2840	2.594832405	24268.8556
2840	2.6452175	24280.43589
2840	2.695602596	24291.31321
2840	2.745987691	24301.54997
2840	2.796372786	24311.20129
2840	2.846757881	24320.31601
2840	2.897142977	24328.93754
2840	2.947528072	24337.10465
2840	2.997913167	24344.85202
2840	3.048298262	24352.21079
2840	3.098683358	24359.20899
2840	3.149068453	24365.87196
2840	3.199453548	24372.22262
2840	3.249838643	24378.28179
2840	3.300223739	24384.06841
2840	3.350608834	24389.59976
2840	3.400993929	24394.89165
2840	3.451379024	24399.95857
2840	3.50176412	24404.81383
2840	3.552149215	24409.46967
2840	3.60253431	24413.93741
2840	3.652919405	24418.20376
2840	3.703304501	24422.32676
2840	3.753689596	24426.29092
2840	3.804074691	24430.11433
2840	3.854459786	24433.78416
2840	3.904844882	24437.31826
2840	3.955229977	24440.72348
2840	4.005615072	24444.25061
2840	4.056000167	24447.17357
2840	4.106385263	24450.44584
2840	4.156770358	24453.38546
2840	4.207155453	24456.29013
2840	4.257540548	24459.02398
2840	4.307925643	24461.55448
2840	4.358310739	24464.12735
2840	4.408695834	24466.61547
2840	4.459080929	24469.02719
2840	4.509466024	24471.35858
2840	4.55985112	24473.61686
2840	4.610236215	24475.80129
2840	4.66062131	24477.9265
2840	4.711006405	24479.98374
2840	4.761391501	24481.97963
2840	4.811776596	24483.91677
2840	4.862161691	24485.79767
2840	4.912546786	24487.62469
2840	4.962931882	24489.40013
2840	5.013316977	24491.12614
2850	1.990211262	24030.42784
2850	2.040596357	24060.87497
2850	2.090981453	24088.48505
2850	2.141366548	24113.59616
2850	2.191751643	24136.45238
2850	2.242136738	24157.38585
2850	2.292521834	24176.63051
2850	2.342906929	24194.38403
2850	2.393292024	24210.81455
2850	2.443677119	24226.06593
2850	2.494062215	24240.26191
2850	2.54444731	24253.50942
2850	2.594832405	24265.90136
2850	2.6452175	24277.51876
2850	2.695602596	24288.43262
2850	2.745987691	24298.70537
2850	2.796372786	24308.39216
2850	2.846757881	24317.54186
2850	2.897142977	24326.19793
2850	2.947528072	24334.39916
2850	2.997913167	24342.18026
2850	3.048298262	24349.5724
2850	3.098683358	24356.60364
2850	3.149068453	24363.29935
2850	3.199453548	24369.68247
2850	3.249838643	24375.77384
2850	3.300223739	24381.59244
2850	3.350608834	24387.15555
2850	3.400993929	24392.47902
2850	3.451379024	24397.57734
2850	3.50176412	24402.46384
2850	3.552149215	24407.15079
2850	3.60253431	24411.6495
2850	3.652919405	24415.97042
2850	3.703304501	24420.09997
2850	3.753689596	24424.09459
2850	3.804074691	24427.94869
2850	3.854459786	24431.64904
2850	3.904844882	24435.21358
2850	3.955229977	24438.6492
2850	4.005615072	24442.21391
2850	4.056000167	24445.15995
2850	4.106385263	24448.46922
2850	4.156770358	24451.44499
2850	4.207155453	24454.22009
2850	4.257540548	24457.00203
2850	4.307925643	24459.69178
2850	4.358310739	24462.29496
2850	4.408695834	24464.81312
2850	4.459080929	24467.25489
2850	4.509466024	24469.61628
2850	4.55985112	24471.90453
2850	4.610236215	24474.19944
2850	4.66062131	24476.27131
2850	4.711006405	24478.36117
2850	4.761391501	24480.38691
2850	4.811776596	24482.35388
2850	4.862161691	24484.26456
2850	4.912546786	24486.12135
2850	4.962931882	24487.9265
2850	5.013316977	24489.6822
2860	1.990211262	24026.9949
2860	2.040596357	24057.48176
2860	2.090981453	24085.13317
2860	2.141366548	24110.28135
2860	2.191751643	24133.18504
2860	2.242136738	24154.15985
2860	2.292521834	24173.44548
2860	2.342906929	24191.23948
2860	2.393292024	24207.70993
2860	2.443677119	24223.00065
2860	2.494062215	24237.23534
2860	2.54444731	24250.52095
2860	2.594832405	24262.95037
2860	2.6452175	24274.60465
2860	2.695602596	24285.55482
2860	2.745987691	24295.86334
2860	2.796372786	24305.5854
2860	2.846757881	24314.76988
2860	2.897142977	24323.46028
2860	2.947528072	24331.69543
2860	2.997913167	24339.51005
2860	3.048298262	24346.93536
2860	3.098683358	24353.99944
2860	3.149068453	24360.72769
2860	3.199453548	24367.14307
2860	3.249838643	24373.26645
2860	3.300223739	24379.11681
2860	3.350608834	24384.71149
2860	3.400993929	24390.06633
2860	3.451379024	24395.19584
2860	3.50176412	24400.11338
2860	3.552149215	24404.83122
2860	3.60253431	24409.36069
2860	3.652919405	24413.71227
2860	3.703304501	24417.89565
2860	3.753689596	24421.89692
2860	3.804074691	24425.78129
2860	3.854459786	24429.51192
2860	3.904844882	24433.10669
2860	3.955229977	24436.57246
2860	4.005615072	24440.17457
2860	4.056000167	24443.14341
2860	4.106385263	24446.48947
2860	4.156770358	24449.50117
2860	4.207155453	24452.29371
2860	4.257540548	24455.10554
2860	4.307925643	24457.82514
2860	4.358310739	24460.45816
2860	4.408695834	24463.00612
2860	4.459080929	24465.47767
2860	4.509466024	24467.86878
2860	4.55985112	24470.18674
2860	4.610236215	24472.51603
2860	4.66062131	24474.61284
2860	4.711006405	24476.73231
2860	4.761391501	24478.78763
2860	4.811776596	24480.78415
2860	4.862161691	24482.72434
2860	4.912546786	24484.61059
2860	4.962931882	24486.44518
2860	5.013316977	24488.23026
2870	1.990211262	24023.5687
2870	2.040596357	24054.0949
2870	2.090981453	24081.78729
2870	2.141366548	24106.97719
2870	2.191751643	24129.92313
2870	2.242136738	24150.93893
2870	2.292521834	24170.26522
2870	2.342906929	24188.09943
2870	2.393292024	24204.60955
2870	2.443677119	24219.93934
2870	2.494062215	24234.21251
2870	2.54444731	24247.53597
2870	2.594832405	24260.00264
2870	2.6452175	24271.69358
2870	2.695602596	24282.67984
2870	2.745987691	24293.02393
2870	2.796372786	24302.78103
2870	2.846757881	24312.00008
2870	2.897142977	24320.72462
2870	2.947528072	24328.99347
2870	2.997913167	24336.84142
2870	3.048298262	24344.2997
2870	3.098683358	24351.39643
2870	3.149068453	24358.15702
2870	3.199453548	24364.60446
2870	3.249838643	24370.75964
2870	3.300223739	24376.64158
2870	3.350608834	24382.26762
2870	3.400993929	24387.65362
2870	3.451379024	24392.81413
2870	3.50176412	24397.7625
2870	3.552149215	24402.51103
2870	3.60253431	24407.07106
2870	3.652919405	24411.45307
2870	3.703304501	24415.66678
2870	3.753689596	24419.72119
2870	3.804074691	24423.61239
2870	3.854459786	24427.37289
2870	3.904844882	24430.99765
2870	3.955229977	24434.49336
2870	4.005615072	24438.13265
2870	4.056000167	24441.12404
2870	4.106385263	24444.50667
2870	4.156770358	24447.5541
2870	4.207155453	24450.42366
2870	4.257540548	24453.20535
2870	4.307925643	24455.95446
2870	4.358310739	24458.61705
2870	4.408695834	24461.19456
2870	4.459080929	24463.69194
2870	4.509466024	24466.11622
2870	4.55985112	24468.46362
2870	4.610236215	24470.82703
2870	4.66062131	24472.9485
2870	4.711006405	24475.09731
2870	4.761391501	24477.18194
2870	4.811776596	24479.20772
2870	4.862161691	24481.17714
2870	4.912546786	24483.09258
2870	4.962931882	24484.95631
2870	5.013316977	24486.77049
2880	1.990211262	24020.14919
2880	2.040596357	24050.71437
2880	2.090981453	24078.4474
2880	2.141366548	24103.64694
2880	2.191751643	24126.66662
2880	2.242136738	24147.72308
2880	2.292521834	24167.08974
2880	2.342906929	24184.96388
2880	2.393292024	24201.51341
2880	2.443677119	24216.88203
2880	2.494062215	24231.19341
2880	2.54444731	24244.55449
2880	2.594832405	24257.05818
2880	2.6452175	24268.78556
2880	2.695602596	24279.8077
2880	2.745987691	24290.18713
2880	2.796372786	24299.97908
2880	2.846757881	24309.2325
2880	2.897142977	24317.99096
2880	2.947528072	24326.29333
2880	2.997913167	24334.17441
2880	3.048298262	24341.66546
2880	3.098683358	24348.79464
2880	3.149068453	24355.58737
2880	3.199453548	24362.06667
2880	3.249838643	24368.25347
2880	3.300223739	24374.16678
2880	3.350608834	24379.82398
2880	3.400993929	24385.24096
2880	3.451379024	24390.43225
2880	3.50176412	24395.41125
2880	3.552149215	24400.19026
2880	3.60253431	24404.78064
2880	3.652919405	24409.19288
2880	3.703304501	24413.4367
2880	3.753689596	24417.52113
2880	3.804074691	24421.46479
2880	3.854459786	24425.2322
2880	3.904844882	24428.88654
2880	3.955229977	24432.41195
2880	4.005615072	24435.80605
2880	4.056000167	24439.27605
2880	4.106385263	24442.27058
2880	4.156770358	24445.46361
2880	4.207155453	24448.43071
2880	4.257540548	24451.30124
2880	4.307925643	24454.07982
2880	4.358310739	24456.77175
2880	4.408695834	24459.37854
2880	4.459080929	24461.90518
2880	4.509466024	24464.35869
2880	4.55985112	24466.73527
2880	4.610236215	24469.13258
2880	4.66062131	24471.27841
2880	4.711006405	24473.4563
2880	4.761391501	24475.56996
2880	4.811776596	24477.62473
2880	4.862161691	24479.62311
2880	4.912546786	24481.56745
2880	4.962931882	24483.46004
2880	5.013316977	24485.30304
2890	1.990211262	24016.73636
2890	2.040596357	24047.34017
2890	2.090981453	24075.11349
2890	2.141366548	24100.35383
2890	2.191751643	24123.41547
2890	2.242136738	24144.51231
2890	2.292521834	24163.91905
2890	2.342906929	24181.83285
2890	2.393292024	24198.42151
2890	2.443677119	24213.8287
2890	2.494062215	24228.17807
2890	2.54444731	24241.57653
2890	2.594832405	24254.11701
2890	2.6452175	24265.88061
2890	2.695602596	24276.93842
2890	2.745987691	24287.35298
2890	2.796372786	24297.17956
2890	2.846757881	24306.46715
2890	2.897142977	24315.25934
2890	2.947528072	24323.59502
2890	2.997913167	24331.50904
2890	3.048298262	24339.03267
2890	3.098683358	24346.19409
2890	3.149068453	24353.01877
2890	3.199453548	24359.52975
2890	3.249838643	24365.74796
2890	3.300223739	24371.69245
2890	3.350608834	24377.38062
2890	3.400993929	24382.82836
2890	3.451379024	24388.05025
2890	3.50176412	24393.05968
2890	3.552149215	24397.86897
2890	3.60253431	24402.48949
2890	3.652919405	24406.93175
2890	3.703304501	24411.20549
2890	3.753689596	24415.31972
2890	3.804074691	24419.29316
2890	3.854459786	24423.11242
2890	3.904844882	24426.77362
2890	3.955229977	24430.32833
2890	4.005615072	24433.75856
2890	4.056000167	24437.26478
2890	4.106385263	24440.28054
2890	4.156770358	24443.49763
2890	4.207155453	24446.58129
2890	4.257540548	24449.4922
2890	4.307925643	24452.20149
2890	4.358310739	24454.92235
2890	4.408695834	24457.55818
2890	4.459080929	24460.11382
2890	4.509466024	24462.59631
2890	4.55985112	24465.00182
2890	4.610236215	24467.43278
2890	4.66062131	24469.60591
2890	4.711006405	24471.80939
2890	4.761391501	24473.95182
2890	4.811776596	24476.03532
2890	4.862161691	24478.06237
2890	4.912546786	24480.03535
2890	4.962931882	24481.95652
2890	5.013316977	24483.82806
2900	1.990211262	24013.33019
2900	2.040596357	24043.97228
2900	2.090981453	24071.78556
2900	2.141366548	24097.0622
2900	2.191751643	24120.16967
2900	2.242136738	24141.30662
2900	2.292521834	24160.75316
2900	2.342906929	24178.70633
2900	2.393292024	24195.33387
2900	2.443677119	24210.77939
2900	2.494062215	24225.16649
2900	2.54444731	24238.6021
2900	2.594832405	24251.17915
2900	2.6452175	24262.97875
2900	2.695602596	24274.072
2900	2.745987691	24284.52149
2900	2.796372786	24294.38251
2900	2.846757881	24303.70406
2900	2.897142977	24312.52978
2900	2.947528072	24320.89858
2900	2.997913167	24328.84533
2900	3.048298262	24336.40135
2900	3.098683358	24343.59483
2900	3.149068453	24350.45127
2900	3.199453548	24356.99372
2900	3.249838643	24363.24315
2900	3.300223739	24369.21864
2900	3.350608834	24374.93758
2900	3.400993929	24380.41589
2900	3.451379024	24385.66818
2900	3.50176412	24390.70783
2900	3.552149215	24395.5472
2900	3.60253431	24400.19766
2900	3.652919405	24404.66974
2900	3.703304501	24408.97318
2900	3.753689596	24413.11702
2900	3.804074691	24417.12005
2900	3.854459786	24420.96872
2900	3.904844882	24424.68115
2900	3.955229977	24428.26435
2900	4.005615072	24431.704
2900	4.056000167	24435.2463
2900	4.106385263	24438.28222
2900	4.156770358	24441.52858
2900	4.207155453	24444.6473
2900	4.257540548	24447.59281
2900	4.307925643	24450.31925
2900	4.358310739	24453.06894
2900	4.408695834	24455.73357
2900	4.459080929	24458.31797
2900	4.509466024	24460.82919
2900	4.55985112	24463.26337
2900	4.610236215	24465.72776
2900	4.66062131	24467.92471
2900	4.711006405	24470.15671
2900	4.761391501	24472.32764
2900	4.811776596	24474.4396
2900	4.862161691	24476.49507
2900	4.912546786	24478.49641
2900	4.962931882	24480.4459
2900	5.013316977	24482.34569
2910	1.990211262	24009.93067
2910	2.040596357	24040.6107
2910	2.090981453	24068.4636
2910	2.141366548	24093.78036
2910	2.191751643	24116.92928
2910	2.242136738	24138.106
2910	2.292521834	24157.59205
2910	2.342906929	24175.58434
2910	2.393292024	24192.25049
2910	2.443677119	24207.73408
2910	2.494062215	24222.15869
2910	2.54444731	24235.63122
2910	2.594832405	24248.24461
2910	2.6452175	24260.07998
2910	2.695602596	24271.20848
2910	2.745987691	24281.69269
2910	2.796372786	24291.58793
2910	2.846757881	24300.94325
2910	2.897142977	24309.8023
2910	2.947528072	24318.20402
2910	2.997913167	24326.18332
2910	3.048298262	24333.77153
2910	3.098683358	24340.99688
2910	3.149068453	24347.88488
2910	3.199453548	24354.45863
2910	3.249838643	24360.73909
2910	3.300223739	24366.74537
2910	3.350608834	24372.49489
2910	3.400993929	24378.00359
2910	3.451379024	24383.28607
2910	3.50176412	24388.35576
2910	3.552149215	24393.22501
2910	3.60253431	24397.90522
2910	3.652919405	24402.40691
2910	3.703304501	24406.73985
2910	3.753689596	24410.91308
2910	3.804074691	24414.9455
2910	3.854459786	24418.82337
2910	3.904844882	24422.56492
2910	3.955229977	24426.17716
2910	4.005615072	24429.66647
2910	4.056000167	24433.25835
2910	4.106385263	24436.28133
2910	4.156770358	24439.55655
2910	4.207155453	24442.71013
2910	4.257540548	24445.69004
2910	4.307925643	24448.43334
2910	4.358310739	24451.21162
2910	4.408695834	24453.90481
2910	4.459080929	24456.51771
2910	4.509466024	24459.05743
2910	4.55985112	24461.52003
2910	4.610236215	24463.90924
2910	4.66062131	24466.23758
2910	4.711006405	24468.49838
2910	4.761391501	24470.69756
2910	4.811776596	24472.83772
2910	4.862161691	24474.92133
2910	4.912546786	24476.95078
2910	4.962931882	24478.92831
2910	5.013316977	24480.85609
2920	1.990211262	24006.53778
2920	2.040596357	24037.2554
2920	2.090981453	24065.1476
2920	2.141366548	24090.50416
2920	2.191751643	24113.69427
2920	2.242136738	24134.91047
2920	2.292521834	24154.43574
2920	2.342906929	24172.46687
2920	2.393292024	24189.17138
2920	2.443677119	24204.69279
2920	2.494062215	24219.15465
2920	2.54444731	24232.66388
2920	2.594832405	24245.31339
2920	2.6452175	24257.18434
2920	2.695602596	24268.34786
2920	2.745987691	24278.86658
2920	2.796372786	24288.79585
2920	2.846757881	24298.18475
2920	2.897142977	24307.07692
2920	2.947528072	24315.51138
2920	2.997913167	24323.52303
2920	3.048298262	24331.14325
2920	3.098683358	24338.40028
2920	3.149068453	24345.31965
2920	3.199453548	24351.9245
2920	3.249838643	24358.2358
2920	3.300223739	24364.27269
2920	3.350608834	24370.0526
2920	3.400993929	24375.59149
2920	3.451379024	24380.90398
2920	3.50176412	24386.00351
2920	3.552149215	24390.90245
2920	3.60253431	24395.6122
2920	3.652919405	24400.14331
2920	3.703304501	24404.50554
2920	3.753689596	24408.70796
2920	3.804074691	24412.76955
2920	3.854459786	24416.67643
2920	3.904844882	24420.44689
2920	3.955229977	24424.08797
2920	4.005615072	24427.60603
2920	4.056000167	24431.21933
2920	4.106385263	24434.2978
2920	4.156770358	24437.68416
2920	4.207155453	24440.72738
2920	4.257540548	24443.74218
2920	4.307925643	24446.54377
2920	4.358310739	24449.35048
2920	4.408695834	24452.07199
2920	4.459080929	24454.71317
2920	4.509466024	24457.28112
2920	4.55985112	24459.77191
2920	4.610236215	24462.18924
2920	4.66062131	24464.54186
2920	4.711006405	24466.83453
2920	4.761391501	24469.0617
2920	4.811776596	24471.22979
2920	4.862161691	24473.3413
2920	4.912546786	24475.39858
2920	4.962931882	24477.40389
2920	5.013316977	24479.3594
2930	1.990211262	24003.15151
2930	2.040596357	24033.90638
2930	2.090981453	24061.83755
2930	2.141366548	24087.2336
2930	2.191751643	24110.46463
2930	2.242136738	24131.72001
2930	2.292521834	24151.28423
2930	2.342906929	24169.35392
2930	2.393292024	24186.09654
2930	2.443677119	24201.65553
2930	2.494062215	24216.15442
2930	2.54444731	24229.70011
2930	2.594832405	24242.38552
2930	2.6452175	24254.29182
2930	2.695602596	24265.49016
2930	2.745987691	24276.0432
2930	2.796372786	24286.0063
2930	2.846757881	24295.42856
2930	2.897142977	24304.35368
2930	2.947528072	24312.82068
2930	2.997913167	24320.8645
2930	3.048298262	24328.51652
2930	3.098683358	24335.80504
2930	3.149068453	24342.75561
2930	3.199453548	24349.39137
2930	3.249838643	24355.73333
2930	3.300223739	24361.80064
2930	3.350608834	24367.61075
2930	3.400993929	24373.17964
2930	3.451379024	24378.52195
2930	3.50176412	24383.65112
2930	3.552149215	24388.57955
2930	3.60253431	24393.31865
2930	3.652919405	24397.87898
2930	3.703304501	24402.27032
2930	3.753689596	24406.50173
2930	3.804074691	24410.59229
2930	3.854459786	24414.52796
2930	3.904844882	24418.32713
2930	3.955229977	24421.99682
2930	4.005615072	24425.54344
2930	4.056000167	24429.19223
2930	4.106385263	24432.29214
2930	4.156770358	24435.62408
2930	4.207155453	24438.84619
2930	4.257540548	24441.72848
2930	4.307925643	24444.65061
2930	4.358310739	24447.3756
2930	4.408695834	24450.23864
2930	4.459080929	24452.90443
2930	4.509466024	24455.50039
2930	4.55985112	24458.01912
2930	4.610236215	24460.46432
2930	4.66062131	24462.84478
2930	4.711006405	24465.16526
2930	4.761391501	24467.42017
2930	4.811776596	24469.61595
2930	4.862161691	24471.75509
2930	4.912546786	24473.83995
2930	4.962931882	24475.87278
2930	5.013316977	24477.85575
2940	1.990211262	23999.77184
2940	2.040596357	24030.56363
2940	2.090981453	24058.53344
2940	2.141366548	24083.96867
2940	2.191751643	24107.24019
2940	2.242136738	24128.53463
2940	2.292521834	24148.13751
2940	2.342906929	24166.24552
2940	2.393292024	24183.02598
2940	2.443677119	24198.62231
2940	2.494062215	24213.15799
2940	2.54444731	24226.73992
2940	2.594832405	24239.46102
2940	2.6452175	24251.40245
2940	2.695602596	24262.6354
2940	2.745987691	24273.22255
2940	2.796372786	24283.21928
2940	2.846757881	24292.67472
2940	2.897142977	24301.63259
2940	2.947528072	24310.13194
2940	2.997913167	24318.20773
2940	3.048298262	24325.89139
2940	3.098683358	24333.21121
2940	3.149068453	24340.19279
2940	3.199453548	24346.85927
2940	3.249838643	24353.2317
2940	3.300223739	24359.32924
2940	3.350608834	24365.16937
2940	3.400993929	24370.76807
2940	3.451379024	24376.14001
2940	3.50176412	24381.29865
2940	3.552149215	24386.25638
2940	3.60253431	24391.02464
2940	3.652919405	24395.61399
2940	3.703304501	24400.03423
2940	3.753689596	24404.29443
2940	3.804074691	24408.41376
2940	3.854459786	24412.378
2940	3.904844882	24416.20568
2940	3.955229977	24419.9038
2940	4.005615072	24423.47875
2940	4.056000167	24427.16285
2940	4.106385263	24430.28395
2940	4.156770358	24433.64428
2940	4.207155453	24436.90062
2940	4.257540548	24439.82325
2940	4.307925643	24442.77256
2940	4.358310739	24445.61596
2940	4.408695834	24448.39457
2940	4.459080929	24451.0916
2940	4.509466024	24453.71532
2940	4.55985112	24456.26175
2940	4.610236215	24458.73459
2940	4.66062131	24461.14264
2940	4.711006405	24463.49069
2940	4.761391501	24465.77309
2940	4.811776596	24467.99631
2940	4.862161691	24470.16283
2940	4.912546786	24472.27502
2940	4.962931882	24474.33512
2940	5.013316977	24476.34529
2950	1.990211262	23996.39875
2950	2.040596357	24027.22714
2950	2.090981453	24055.23527
2950	2.141366548	24080.70937
2950	2.191751643	24104.0152
2950	2.242136738	24125.35427
2950	2.292521834	24144.9956
2950	2.342906929	24163.14164
2950	2.393292024	24179.95971
2950	2.443677119	24195.59313
2950	2.494062215	24210.16538
2950	2.54444731	24223.78332
2950	2.594832405	24236.53988
2950	2.6452175	24248.51624
2950	2.695602596	24259.7836
2950	2.745987691	24270.40466
2950	2.796372786	24280.43482
2950	2.846757881	24289.92324
2950	2.897142977	24298.91367
2950	2.947528072	24307.44518
2950	2.997913167	24315.55277
2950	3.048298262	24323.26787
2950	3.098683358	24330.61882
2950	3.149068453	24337.63121
2950	3.199453548	24344.32824
2950	3.249838643	24350.73096
2950	3.300223739	24356.85855
2950	3.350608834	24362.7285
2950	3.400993929	24368.35684
2950	3.451379024	24373.75822
2950	3.50176412	24378.94612
2950	3.552149215	24383.93297
2950	3.60253431	24388.73019
2950	3.652919405	24393.34838
2950	3.703304501	24397.79733
2950	3.753689596	24402.08612
2950	3.804074691	24406.23402
2950	3.854459786	24410.22665
2950	3.904844882	24414.08263
2950	3.955229977	24417.80896
2950	4.005615072	24421.41204
2950	4.056000167	24425.13126
2950	4.106385263	24428.27333
2950	4.156770358	24431.66181
2950	4.207155453	24434.95221
2950	4.257540548	24437.89643
2950	4.307925643	24440.87348
2950	4.358310739	24443.66375
2950	4.408695834	24446.56734
2950	4.459080929	24449.29146
2950	4.509466024	24451.92249
2950	4.55985112	24454.49992
2950	4.610236215	24457.0034
2950	4.66062131	24459.43556
2950	4.711006405	24461.81094
2950	4.761391501	24464.12058
2950	4.811776596	24466.371
2950	4.862161691	24468.56465
2950	4.912546786	24470.70391
2950	4.962931882	24472.79102
2950	5.013316977	24474.82815
2960	1.990211262	23993.03224
2960	2.040596357	24023.89688
2960	2.090981453	24051.94302
2960	2.141366548	24077.45569
2960	2.191751643	24100.80052
2960	2.242136738	24122.17904
2960	2.292521834	24141.85849
2960	2.342906929	24160.04231
2960	2.393292024	24176.89773
2960	2.443677119	24192.56801
2960	2.494062215	24207.17658
2960	2.54444731	24220.83031
2960	2.594832405	24233.62212
2960	2.6452175	24245.6332
2960	2.695602596	24256.93477
2960	2.745987691	24267.58954
2960	2.796372786	24277.65294
2960	2.846757881	24287.17415
2960	2.897142977	24296.19696
2960	2.947528072	24304.76044
2960	2.997913167	24312.89963
2960	3.048298262	24320.64599
2960	3.098683358	24328.02788
2960	3.149068453	24335.07091
2960	3.199453548	24341.7983
2960	3.249838643	24348.23112
2960	3.300223739	24354.38858
2960	3.350608834	24360.28819
2960	3.400993929	24365.94597
2960	3.451379024	24371.3766
2960	3.50176412	24376.59359
2960	3.552149215	24381.60936
2960	3.60253431	24386.43537
2960	3.652919405	24391.0822
2960	3.703304501	24395.55966
2960	3.753689596	24399.87685
2960	3.804074691	24404.05314
2960	3.854459786	24408.07395
2960	3.904844882	24411.95803
2960	3.955229977	24415.71236
2960	4.005615072	24419.34338
2960	4.056000167	24423.09754
2960	4.106385263	24426.26032
2960	4.156770358	24429.77015
2960	4.207155453	24432.94823
2960	4.257540548	24436.09729
2960	4.307925643	24439.07851
2960	4.358310739	24441.8874
2960	4.408695834	24444.72017
2960	4.459080929	24447.47135
2960	4.509466024	24450.14918
2960	4.55985112	24452.74958
2960	4.610236215	24455.27953
2960	4.66062131	24457.72455
2960	4.711006405	24460.1261
2960	4.761391501	24462.46276
2960	4.811776596	24464.74013
2960	4.862161691	24466.96067
2960	4.912546786	24469.12676
2960	4.962931882	24471.24063
2960	5.013316977	24473.30445
2970	1.990211262	23989.67228
2970	2.040596357	24020.57287
2970	2.090981453	24048.65668
2970	2.141366548	24074.20761
2970	2.191751643	24097.5592
2970	2.242136738	24119.00891
2970	2.292521834	24138.72618
2970	2.342906929	24156.94753
2970	2.393292024	24173.84004
2970	2.443677119	24189.54693
2970	2.494062215	24204.19161
2970	2.54444731	24217.88091
2970	2.594832405	24230.70775
2970	2.6452175	24242.75335
2970	2.695602596	24254.08892
2970	2.745987691	24264.7772
2970	2.796372786	24274.87365
2970	2.846757881	24284.42746
2970	2.897142977	24293.48245
2970	2.947528072	24302.07773
2970	2.997913167	24310.24834
2970	3.048298262	24318.02578
2970	3.098683358	24325.43842
2970	3.149068453	24332.51192
2970	3.199453548	24339.26949
2970	3.249838643	24345.73224
2970	3.300223739	24351.91939
2970	3.350608834	24357.84846
2970	3.400993929	24363.5355
2970	3.451379024	24368.99521
2970	3.50176412	24374.24111
2970	3.552149215	24379.28562
2970	3.60253431	24384.14021
2970	3.652919405	24388.8155
2970	3.703304501	24393.32129
2970	3.753689596	24397.66669
2970	3.804074691	24401.87115
2970	3.854459786	24405.91996
2970	3.904844882	24409.83194
2970	3.955229977	24413.61408
2970	4.005615072	24417.27282
2970	4.056000167	24421.06174
2970	4.106385263	24424.24502
2970	4.156770358	24427.78899
2970	4.207155453	24431.00037
2970	4.257540548	24434.18258
2970	4.307925643	24437.19649
2970	4.358310739	24440.00922
2970	4.408695834	24442.86913
2970	4.459080929	24445.64743
2970	4.509466024	24448.35234
2970	4.55985112	24450.97974
2970	4.610236215	24453.53663
2970	4.66062131	24456.02206
2970	4.711006405	24458.45068
2970	4.761391501	24460.81343
2970	4.811776596	24463.11684
2970	4.862161691	24465.36337
2970	4.912546786	24467.55539
2970	4.962931882	24469.69514
2970	5.013316977	24471.78478
