2470	1.990211262	213423.64
2470	2.040596357	213471.8888
2470	2.090981453	213515.3776
2470	2.141366548	323381.6909
2470	2.191751643	260026.3954
2470	2.242136738	313184.384
2470	2.292521834	312904.5116
2470	2.342906929	276550.5435
2470	2.393292024	333662.6079
2470	2.443677119	276606.823
2470	2.494062215	276628.571
2470	2.54444731	276648.7704
2470	2.594832405	276667.5162
2470	2.6452175	276685.0492
2470	2.695602596	276701.4263
2470	2.745987691	276716.7469
2470	2.796372786	317089.2291
2470	2.846757881	327740.1595
2470	2.897142977	382223.2351
2470	2.947528072	382235.1183
2470	2.997913167	382246.2985
2470	3.048298262	382256.8255
2470	3.098683358	382266.7443
2470	3.149068453	382276.0956
2470	3.199453548	382284.9161
2470	3.249838643	382293.2392
2470	3.300223739	382301.0956
2470	3.350608834	382308.5131
2470	3.400993929	382315.6453
2470	3.451379024	382322.2557
2470	3.50176412	382328.4952
2470	3.552149215	382334.3863
2470	3.60253431	382339.9477
2470	3.652919405	382345.1964
2470	3.703304501	382350.1484
2470	3.753689596	382354.8296
2470	3.804074691	382359.6731
2470	3.854459786	382363.3789
2470	3.904844882	382367.6729
2470	3.955229977	382371.3382
2470	4.005615072	382374.6039
2470	4.056000167	382377.8429
2470	4.106385263	382380.8801
2470	4.156770358	382383.7271
2470	4.207155453	382386.3883
2470	4.257540548	382388.8806
2470	4.307925643	382391.198
2470	4.358310739	382393.3549
2470	4.408695834	382395.4879
2470	4.459080929	382397.384
2470	4.509466024	382398.9242
2470	4.55985112	382400.5112
2470	4.610236215	382401.9635
2470	4.66062131	382403.2925
2470	4.711006405	382404.5037
2470	4.761391501	382405.6019
2470	4.811776596	382406.5921
2470	4.862161691	382407.479
2470	4.912546786	382408.2672
2470	4.962931882	382408.961
2470	5.013316977	358777.9406
2480	1.990211262	358819.8556
2480	2.040596357	313039.6279
2480	2.090981453	313083.223
2480	2.141366548	313122.7097
2480	2.191751643	313158.6278
2480	2.242136738	313191.4269
2480	2.292521834	339425.7773
2480	2.342906929	339453.4119
2480	2.393292024	408812.7639
2480	2.443677119	333385.1039
2480	2.494062215	331540.1068
2480	2.54444731	339602.809
2480	2.594832405	408946.8321
2480	2.6452175	333475.5406
2480	2.695602596	331625.1664
2480	2.745987691	331640.5708
2480	2.796372786	331655.006
2480	2.846757881	360567.7039
2480	2.897142977	341100.4926
2480	2.947528072	341112.4559
2480	2.997913167	341123.7155
2480	3.048298262	341134.3213
2480	3.098683358	341144.3185
2480	3.149068453	341153.7477
2480	3.199453548	341162.6458
2480	3.249838643	341171.0463
2480	3.300223739	341178.9798
2480	3.350608834	341186.4743
2480	3.400993929	341193.5553
2480	3.451379024	341200.3704
2480	3.50176412	341206.6895
2480	3.552149215	341212.6576
2480	3.60253431	341218.2959
2480	3.652919405	341223.6217
2480	3.703304501	341228.6509
2480	3.753689596	341233.4098
2480	3.804074691	341238.3447
2480	3.854459786	341242.1145
2480	3.904844882	341246.4993
2480	3.955229977	341250.2537
2480	4.005615072	341253.6537
2480	4.056000167	341256.8927
2480	4.106385263	341260.0088
2480	4.156770358	341262.9351
2480	4.207155453	341265.6759
2480	4.257540548	341268.2481
2480	4.307925643	341270.6456
2480	4.358310739	341272.8829
2480	4.408695834	341275.1048
2480	4.459080929	341276.8992
2480	4.509466024	341278.7011
2480	4.55985112	341280.3637
2480	4.610236215	341281.8977
2480	4.66062131	341283.3088
2480	4.711006405	341284.6023
2480	4.761391501	341285.783
2480	4.811776596	341286.8559
2480	4.862161691	341287.8258
2480	4.912546786	341288.6972
2480	4.962931882	341289.4744
2480	5.013316977	360867.1674
2490	1.990211262	360920.9764
2490	2.040596357	311325.3958
2490	2.090981453	388253.7473
2490	2.141366548	331306.7356
2490	2.191751643	339372.2563
2490	2.242136738	326689.0148
2490	2.292521834	388475.6681
2490	2.342906929	331452.995
2490	2.393292024	339517.1166
2490	2.443677119	339540.7705
2490	2.494062215	323732.943
2490	2.54444731	321886.4845
2490	2.594832405	388695.1779
2490	2.6452175	355872.9474
2490	2.695602596	307689.3596
2490	2.745987691	307704.8474
2490	2.796372786	307719.3647
2490	2.846757881	307732.99
2490	2.897142977	360577.6707
2490	2.947528072	341113.6128
2490	2.997913167	341124.9513
2490	3.048298262	341135.6355
2490	3.098683358	341145.7105
2490	3.149068453	341155.217
2490	3.199453548	341164.1922
2490	3.249838643	341172.6694
2490	3.300223739	341180.6795
2490	3.350608834	341188.2504
2490	3.400993929	341195.4077
2490	3.451379024	341202.3016
2490	3.50176412	341208.6969
2490	3.552149215	341214.7412
2490	3.60253431	341220.4559
2490	3.652919405	341225.8581
2490	3.703304501	341230.9639
2490	3.753689596	341235.7997
2490	3.804074691	341240.3344
2490	3.854459786	341244.9485
2490	3.904844882	341249.1663
2490	3.955229977	341252.5338
2490	4.005615072	341256.3521
2490	4.056000167	341259.7476
2490	4.106385263	341262.942
2490	4.156770358	341265.9468
2490	4.207155453	341268.7664
2490	4.257540548	341271.4109
2490	4.307925643	341273.8945
2490	4.358310739	341276.2113
2490	4.408695834	341278.5213
2490	4.459080929	341280.3875
2490	4.509466024	341282.2698
2490	4.55985112	341284.013
2490	4.610236215	341285.628
2490	4.66062131	341287.1201
2490	4.711006405	341288.4948
2490	4.761391501	341289.7573
2490	4.811776596	341290.912
2490	4.862161691	341291.964
2490	4.912546786	341292.9176
2490	4.962931882	341293.7772
2490	5.013316977	376952.9497
2500	1.990211262	376995.0269
2500	2.040596357	377032.9314
2500	2.090981453	331251.6395
2500	2.141366548	331291.3338
2500	2.191751643	331327.456
2500	2.242136738	331360.4556
2500	2.292521834	331390.7095
2500	2.342906929	331418.5364
2500	2.393292024	388549.4365
2500	2.443677119	388567.9695
2500	2.494062215	331526.4618
2500	2.54444731	331546.9281
2500	2.594832405	331565.9897
2500	2.6452175	331583.7231
2500	2.695602596	388738.9568
2500	2.745987691	331629.3781
2500	2.796372786	331643.9771
2500	2.846757881	331657.6831
2500	2.897142977	360561.8988
2500	2.947528072	341097.4061
2500	2.997913167	341108.823
2500	3.048298262	341119.5849
2500	3.098683358	341129.7371
2500	3.149068453	341139.3205
2500	3.199453548	341148.3721
2500	3.249838643	341156.9255
2500	3.300223739	341165.0116
2500	3.350608834	341172.6582
2500	3.400993929	341179.8912
2500	3.451379024	341186.7342
2500	3.50176412	341193.3315
2500	3.552149215	341199.4542
2500	3.60253431	341205.2446
2500	3.652919405	341210.7226
2500	3.703304501	341215.9042
2500	3.753689596	341220.8163
2500	3.804074691	341225.4397
2500	3.854459786	341230.143
2500	3.904844882	341233.9613
2500	3.955229977	341238.0698
2500	4.005615072	341241.7525
2500	4.056000167	341245.2249
2500	4.106385263	341248.4968
2500	4.156770358	341251.5794
2500	4.207155453	341254.4769
2500	4.257540548	341257.1996
2500	4.307925643	341259.7617
2500	4.358310739	341262.1573
2500	4.408695834	341264.5546
2500	4.459080929	341266.4917
2500	4.509466024	341268.4535
2500	4.55985112	341270.2765
2500	4.610236215	341271.9714
2500	4.66062131	341273.5438
2500	4.711006405	341274.9989
2500	4.761391501	341276.342
2500	4.811776596	341277.5777
2500	4.862161691	341278.7106
2500	4.912546786	341279.7455
2500	4.962931882	341280.6865
2500	5.013316977	376941.8274
2510	1.990211262	331135.1609
2510	2.040596357	331183.831
2510	2.090981453	331227.7396
2510	2.141366548	331267.5364
2510	2.191751643	331303.7596
2510	2.242136738	331336.8582
2510	2.292521834	388452.8106
2510	2.342906929	331435.2598
2510	2.393292024	331461.0236
2510	2.443677119	388576.0866
2510	2.494062215	331517.8451
2510	2.54444731	331538.3991
2510	2.594832405	331557.547
2510	2.6452175	388702.2097
2510	2.695602596	331603.2475
2510	2.745987691	331618.9002
2510	2.796372786	331633.5803
2510	2.846757881	331647.3664
2510	2.897142977	360560.447
2510	2.947528072	312729.358
2510	2.997913167	319141.3049
2510	3.048298262	319152.144
2510	3.098683358	319162.373
2510	3.149068453	319172.0326
2510	3.199453548	319181.1601
2510	3.249838643	319189.7892
2510	3.300223739	319197.9506
2510	3.350608834	319205.6726
2510	3.400993929	319212.9807
2510	3.451379024	319219.8986
2510	3.50176412	319226.5734
2510	3.552149215	319232.7712
2510	3.60253431	319238.6367
2510	3.652919405	319244.1898
2510	3.703304501	319249.4466
2510	3.753689596	319254.4343
2510	3.804074691	319259.1415
2510	3.854459786	319263.9336
2510	3.904844882	319267.8064
2510	3.955229977	319271.9915
2510	4.005615072	319275.9044
2510	4.056000167	319279.4734
2510	4.106385263	319282.6482
2510	4.156770358	319285.8075
2510	4.207155453	319288.7821
2510	4.257540548	319291.5823
2510	4.307925643	319294.2221
2510	4.358310739	319296.6956
2510	4.408695834	319299.1795
2510	4.459080929	319301.1866
2510	4.509466024	319303.2271
2510	4.55985112	319305.1289
2510	4.610236215	319306.9029
2510	4.66062131	319308.5546
2510	4.711006405	319310.0893
2510	4.761391501	319311.5122
2510	4.811776596	319312.8277
2510	4.862161691	319314.0408
2510	4.912546786	319315.156
2510	4.962931882	319316.1775
2510	5.013316977	393553.3555
2520	1.990211262	331125.4141
2520	2.040596357	331174.1873
2520	2.090981453	331218.1987
2520	2.141366548	331258.0972
2520	2.191751643	331294.4206
2520	2.242136738	331327.6176
2520	2.292521834	388441.3047
2520	2.342906929	388463.1708
2520	2.393292024	331456.0953
2520	2.443677119	331480.0231
2520	2.494062215	331502.2215
2520	2.54444731	331522.8628
2520	2.594832405	388663.3277
2520	2.6452175	388677.3421
2520	2.695602596	331595.003
2520	2.745987691	331610.737
2520	2.796372786	388766.2435
2520	2.846757881	331645.9894
2520	2.897142977	388808.6257
2520	2.947528072	331675.0828
2520	2.997913167	334410.7318
2520	3.048298262	334421.6476
2520	3.098683358	334431.9527
2520	3.149068453	334441.6881
2520	3.199453548	334450.8909
2520	3.249838643	334459.5951
2520	3.300223739	334467.8314
2520	3.350608834	334475.6279
2520	3.400993929	334483.0106
2520	3.451379024	334490.003
2520	3.50176412	334496.627
2520	3.552149215	334503.0241
2520	3.60253431	334508.9668
2520	3.652919405	334514.5944
2520	3.703304501	334519.9258
2520	3.753689596	334524.9884
2520	3.804074691	334529.7704
2520	3.854459786	334534.6507
2520	3.904844882	334538.5856
2520	3.955229977	334542.8466
2520	4.005615072	334546.8462
2520	4.056000167	334550.5014
2520	4.106385263	334553.7305
2520	4.156770358	334556.9659
2520	4.207155453	334560.017
2520	4.257540548	334562.8939
2520	4.307925643	334565.6106
2520	4.358310739	334568.1612
2520	4.408695834	334570.7308
2520	4.459080929	334572.813
2520	4.509466024	334574.9253
2520	4.55985112	334576.9052
2520	4.610236215	334578.7575
2520	4.66062131	334580.4876
2520	4.711006405	334582.1009
2520	4.761391501	334583.6025
2520	4.811776596	334584.9973
2520	4.862161691	334586.2896
2520	4.912546786	334587.4841
2520	4.962931882	334588.5851
2520	5.013316977	336207.0455
2530	1.990211262	331189.4251
2530	2.040596357	388134.5144
2530	2.090981453	388168.9437
2530	2.141366548	394599.5598
2530	2.191751643	394627.9868
2530	2.242136738	388254.5748
2530	2.292521834	388278.413
2530	2.342906929	331417.3793
2530	2.393292024	388515.8269
2530	2.443677119	331474.9286
2530	2.494062215	388589.2886
2530	2.54444731	331524.4388
2530	2.594832405	331543.7574
2530	2.6452175	388681.1835
2530	2.695602596	331586.7671
2530	2.745987691	331602.5822
2530	2.796372786	331617.4229
2530	2.846757881	331631.3676
2530	2.897142977	331644.4866
2530	2.947528072	388818.1574
2530	2.997913167	417004.9639
2530	3.048298262	417015.9559
2530	3.098683358	417026.3366
2530	3.149068453	417036.1472
2530	3.199453548	417045.4249
2530	3.249838643	417054.2035
2530	3.300223739	417062.5141
2530	3.350608834	417070.3847
2530	3.400993929	417077.8413
2530	3.451379024	417084.9076
2530	3.50176412	417091.6054
2530	3.552149215	417097.955
2530	3.60253431	417104.0925
2530	3.652919405	417109.7968
2530	3.703304501	417115.2022
2530	3.753689596	417120.339
2530	3.804074691	417125.1952
2530	3.854459786	417130.1631
2530	3.904844882	417134.1592
2530	3.955229977	417138.4954
2530	4.005615072	417142.5812
2530	4.056000167	417146.3218
2530	4.106385263	417149.6045
2530	4.156770358	417152.9153
2530	4.207155453	417156.042
2530	4.257540548	417158.9947
2530	4.307925643	417161.7876
2530	4.358310739	417164.4145
2530	4.408695834	417166.8836
2530	4.459080929	417169.2187
2530	4.509466024	417171.4089
2530	4.55985112	417173.466
2530	4.610236215	417175.3956
2530	4.66062131	417177.2033
2530	4.711006405	417178.8944
2530	4.761391501	417180.4739
2530	4.811776596	417181.9469
2530	4.862161691	417183.3175
2530	4.912546786	417184.5905
2530	4.962931882	417185.7701
2530	5.013316977	393520.8156
2540	1.990211262	393563.208
2540	2.040596357	393601.4331
2540	2.090981453	331213.643
2540	2.141366548	331253.7424
2540	2.191751643	339314.7386
2540	2.242136738	326631.989
2540	2.292521834	321682.1746
2540	2.342906929	321710.3781
2540	2.393292024	388504.6153
2540	2.443677119	388523.4304
2540	2.494062215	388540.8931
2540	2.54444731	331515.8947
2540	2.594832405	331535.2979
2540	2.6452175	345875.2192
2540	2.695602596	327218.2477
2540	2.745987691	322511.2987
2540	2.796372786	389324.4853
2540	2.846757881	389335.4301
2540	2.897142977	389345.7297
2540	2.947528072	332238.0583
2540	2.997913167	361129.8378
2540	3.048298262	341092.1491
2540	3.098683358	341102.6049
2540	3.149068453	341112.4902
2540	3.199453548	341121.8422
2540	3.249838643	341130.6948
2540	3.300223739	341139.0791
2540	3.350608834	341147.0232
2540	3.400993929	341154.5532
2540	3.451379024	341161.6928
2540	3.50176412	341168.4638
2540	3.552149215	341174.8866
2540	3.60253431	341181.0999
2540	3.652919405	341186.8774
2540	3.703304501	341192.3561
2540	3.753689596	341197.5665
2540	3.804074691	341202.4962
2540	3.854459786	341207.5511
2540	3.904844882	341211.6077
2540	3.955229977	341216.0185
2540	4.005615072	341220.1899
2540	4.056000167	341224.0152
2540	4.106385263	341227.5118
2540	4.156770358	341230.7342
2540	4.207155453	341233.9377
2540	4.257540548	341236.9655
2540	4.307925643	341239.8337
2540	4.358310739	341242.5362
2540	4.408695834	341245.0809
2540	4.459080929	341247.4852
2540	4.509466024	341249.7584
2540	4.55985112	341251.8918
2540	4.610236215	341253.898
2540	4.66062131	341255.7825
2540	4.711006405	341257.5505
2540	4.761391501	341259.2071
2540	4.811776596	341260.7572
2540	4.862161691	341262.2053
2540	4.912546786	341263.5558
2540	4.962931882	341264.8132
2540	5.013316977	320893.3857
2550	1.990211262	315875.9634
2550	2.040596357	323976.8366
2550	2.090981453	311305.0102
2550	2.141366548	388245.7917
2550	2.191751643	407398.8671
2550	2.242136738	329208.7718
2550	2.292521834	389066.9477
2550	2.342906929	332059.592
2550	2.393292024	389153.5175
2550	2.443677119	332117.5532
2550	2.494062215	389227.524
2550	2.54444731	332167.4594
2550	2.594832405	340229.6718
2550	2.6452175	327531.7364
2550	2.695602596	389347.0954
2550	2.745987691	332248.7198
2550	2.796372786	389395.8444
2550	2.846757881	389406.8502
2550	2.897142977	389417.21
2550	2.947528072	389426.973
2550	2.997913167	389436.183
2550	3.048298262	417627.272
2550	3.098683358	417637.8024
2550	3.149068453	417647.7618
2550	3.199453548	417657.1876
2550	3.249838643	417666.1137
2550	3.300223739	417674.5711
2550	3.350608834	417682.5882
2550	3.400993929	417690.191
2550	3.451379024	417697.4032
2550	3.50176412	417704.2469
2550	3.552149215	417710.7423
2550	3.60253431	417716.9082
2550	3.652919405	417722.8781
2550	3.703304501	417728.4323
2550	3.753689596	417733.7157
2550	3.804074691	417738.7183
2550	3.854459786	417743.8597
2550	3.904844882	417747.976
2550	3.955229977	417752.4605
2550	4.005615072	417756.7169
2550	4.056000167	417760.6265
2550	4.106385263	417764.2065
2550	4.156770358	417767.4711
2550	4.207155453	417770.7488
2550	4.257540548	417773.8509
2550	4.307925643	417776.7938
2550	4.358310739	417779.571
2550	4.408695834	417782.1906
2550	4.459080929	417784.6701
2550	4.509466024	417787.0187
2550	4.55985112	417789.2276
2550	4.610236215	417791.3095
2550	4.66062131	417793.2699
2550	4.711006405	417795.114
2550	4.761391501	417796.8468
2550	4.811776596	417798.4732
2550	4.862161691	417799.998
2550	4.912546786	417801.4252
2550	4.962931882	417802.7593
2550	5.013316977	336841.7649
2560	1.990211262	388678.7627
2560	2.040596357	331803.4116
2560	2.090981453	331847.8258
2560	2.141366548	339908.5254
2560	2.191751643	324115.4844
2560	2.242136738	324149.0677
2560	2.292521834	390922.2582
2560	2.342906929	390944.4142
2560	2.393292024	333947.6434
2560	2.443677119	391047.6473
2560	2.494062215	334001.5608
2560	2.54444731	340196.5863
2560	2.594832405	324386.3995
2560	2.6452175	391176.4452
2560	2.695602596	332222.1042
2560	2.745987691	332238.1019
2560	2.796372786	389385.6204
2560	2.846757881	389396.6867
2560	2.897142977	389407.1064
2560	2.947528072	432940.3342
2560	2.997913167	412822.2405
2560	3.048298262	337310.8931
2560	3.098683358	335076.112
2560	3.149068453	335086.145
2560	3.199453548	335095.644
2560	3.249838643	335104.6429
2560	3.300223739	335113.173
2560	3.350608834	335121.2626
2560	3.400993929	335128.9376
2560	3.451379024	335136.222
2560	3.50176412	335143.1378
2560	3.552149215	335149.7052
2560	3.60253431	335155.943
2560	3.652919405	335161.8687
2560	3.703304501	335167.6111
2560	3.753689596	335172.9696
2560	3.804074691	335178.0444
2560	3.854459786	335183.2717
2560	3.904844882	335187.447
2560	3.955229977	335192.0047
2560	4.005615072	335196.3454
2560	4.056000167	335200.0542
2560	4.106385263	335203.7759
2560	4.156770358	335207.1273
2560	4.207155453	335210.6579
2560	4.257540548	335213.8342
2560	4.307925643	335216.8509
2560	4.358310739	335219.7021
2560	4.408695834	335222.396
2560	4.459080929	335224.9497
2560	4.509466024	335227.373
2560	4.55985112	335229.6566
2560	4.610236215	335231.8134
2560	4.66062131	335233.8489
2560	4.711006405	335235.7682
2560	4.761391501	335237.5764
2560	4.811776596	335239.2783
2560	4.862161691	335240.8788
2560	4.912546786	335242.3818
2560	4.962931882	335243.7919
2560	5.013316977	336832.1524
2570	1.990211262	388666.3354
2570	2.040596357	331793.753
2570	2.090981453	331838.2658
2570	2.141366548	331878.6607
2570	2.191751643	331915.4735
2570	2.242136738	409175.1903
2570	2.292521834	334956.6593
2570	2.342906929	394793.4269
2570	2.393292024	394813.9609
2570	2.443677119	394832.9827
2570	2.494062215	394850.6481
2570	2.54444731	394867.0918
2570	2.594832405	332172.8727
2570	2.6452175	389298.9991
2570	2.695602596	389312.4231
2570	2.745987691	332232.3196
2570	2.796372786	346573.0627
2570	2.846757881	340594.2251
2570	2.897142977	324492.2917
2570	2.947528072	340334.7095
2570	2.997913167	327630.5189
2570	3.048298262	394455.8337
2570	3.098683358	417670.7497
2570	3.149068453	417680.8558
2570	3.199453548	417690.4275
2570	3.249838643	417699.4989
2570	3.300223739	417708.1011
2570	3.350608834	417716.2625
2570	3.400993929	417724.0092
2570	3.451379024	417731.3652
2570	3.50176412	417738.3525
2570	3.552149215	417744.9913
2570	3.60253431	417751.3006
2570	3.652919405	417757.2977
2570	3.703304501	417763.1141
2570	3.753689596	417768.5444
2570	3.804074691	417773.6908
2570	3.854459786	417779.0034
2570	3.904844882	417783.237
2570	3.955229977	417788.0288
2570	4.005615072	417792.198
2570	4.056000167	417796.2757
2570	4.106385263	417800.0217
2570	4.156770358	417803.4591
2570	4.207155453	417806.883
2570	4.257540548	417810.1317
2570	4.307925643	417813.2215
2570	4.358310739	417816.146
2570	4.408695834	417818.9132
2570	4.459080929	417821.5406
2570	4.509466024	417824.0376
2570	4.55985112	417826.3952
2570	4.610236215	417828.6261
2570	4.66062131	417830.7358
2570	4.711006405	417832.7296
2570	4.761391501	417834.6123
2570	4.811776596	417836.389
2570	4.862161691	417838.0642
2570	4.912546786	417839.6422
2570	4.962931882	417841.1273
2570	5.013316977	331752.2738
2580	1.990211262	388653.9016
2580	2.040596357	432357.305
2580	2.090981453	327132.079
2580	2.141366548	322192.1182
2580	2.191751643	395358.0238
2580	2.242136738	395384.3821
2580	2.292521834	388979.5337
2580	2.342906929	332032.5759
2580	2.393292024	332058.9744
2580	2.443677119	332083.4337
2580	2.494062215	332106.1534
2580	2.54444731	332127.3061
2580	2.594832405	340181.9743
2580	2.6452175	324370.6671
2580	2.695602596	391182.4737
2580	2.745987691	391195.1251
2580	2.796372786	332241.5087
2580	2.846757881	389387.6699
2580	2.897142977	389398.208
2580	2.947528072	389408.1475
2580	2.997913167	332301.9229
2580	3.048298262	351309.534
2580	3.098683358	358375.2926
2580	3.149068453	349779.5536
2580	3.199453548	349789.1975
2580	3.249838643	349798.3407
2580	3.300223739	349807.0145
2580	3.350608834	349815.2473
2580	3.400993929	349823.0652
2580	3.451379024	349830.4922
2580	3.50176412	349837.5504
2580	3.552149215	349844.2601
2580	3.60253431	349850.6402
2580	3.652919405	349856.7082
2580	3.703304501	349862.4803
2580	3.753689596	349868.0967
2580	3.804074691	349873.3169
2580	3.854459786	349878.7142
2580	3.904844882	349883.0054
2580	3.955229977	349887.8812
2580	4.005615072	349892.1327
2580	4.056000167	349896.2926
2580	4.106385263	349900.1202
2580	4.156770358	349903.586
2580	4.207155453	349907.0819
2580	4.257540548	349910.4028
2580	4.307925643	349913.565
2580	4.358310739	349916.562
2580	4.408695834	349919.4078
2580	4.459080929	349922.1021
2580	4.509466024	349924.6721
2580	4.55985112	349927.1029
2580	4.610236215	349929.4072
2580	4.66062131	349931.5903
2580	4.711006405	349933.6577
2580	4.761391501	349935.6142
2580	4.811776596	349937.4647
2580	4.862161691	349939.2138
2580	4.912546786	349940.866
2580	4.962931882	349942.4254
2580	5.013316977	308645.5567
2590	1.990211262	390417.3748
2590	2.040596357	331683.4833
2590	2.090981453	339747.2826
2590	2.141366548	409008.2088
2590	2.191751643	403283.9747
2590	2.242136738	375715.8243
2590	2.292521834	331916.1979
2590	2.342906929	331944.8577
2590	2.393292024	331971.3445
2590	2.443677119	331995.8903
2590	2.494062215	389092.6029
2590	2.54444731	389109.1771
2590	2.594832405	389124.6443
2590	2.6452175	389139.1071
2590	2.695602596	332106.1376
2590	2.745987691	389239.8742
2590	2.796372786	389251.8208
2590	2.846757881	332158.9531
2590	2.897142977	332172.5302
2590	2.947528072	332185.3398
2590	2.997913167	332197.4382
2590	3.048298262	340257.1747
2590	3.098683358	327551.8573
2590	3.149068453	325319.1987
2590	3.199453548	325328.9143
2590	3.249838643	325338.1289
2590	3.300223739	325346.8737
2590	3.350608834	325355.1774
2590	3.400993929	325363.0659
2590	3.451379024	325370.5635
2590	3.50176412	325377.692
2590	3.552149215	325384.4721
2590	3.60253431	325390.9224
2590	3.652919405	325397.0607
2590	3.703304501	325402.9031
2590	3.753689596	325408.4787
2590	3.804074691	325414.2761
2590	3.854459786	325418.9194
2590	3.904844882	325424.001
2590	3.955229977	325428.6981
2590	4.005615072	325433.0316
2590	4.056000167	325436.9645
2590	4.106385263	325440.9015
2590	4.156770358	325444.4966
2590	4.207155453	325448.2153
2590	4.257540548	325451.6081
2590	4.307925643	325454.842
2590	4.358310739	325457.9108
2590	4.408695834	325460.8285
2590	4.459080929	325463.5949
2590	4.509466024	325466.2372
2590	4.55985112	325468.7404
2590	4.610236215	325471.1172
2590	4.66062131	325473.3731
2590	4.711006405	325475.5132
2590	4.761391501	325477.5427
2590	4.811776596	325479.4662
2590	4.862161691	325481.2885
2590	4.912546786	325483.014
2590	4.962931882	325484.6467
2590	5.013316977	394054.3855
2600	1.990211262	394097.2913
2600	2.040596357	331673.7881
2600	2.090981453	331718.5917
2600	2.141366548	331759.2751
2600	2.191751643	331796.3728
2600	2.242136738	331830.3312
2600	2.292521834	331861.5259
2600	2.342906929	331890.275
2600	2.393292024	389006.2226
2600	2.443677119	331982.5307
2600	2.494062215	332005.4196
2600	2.54444731	389115.2954
2600	2.594832405	389130.8262
2600	2.6452175	432698.9271
2600	2.695602596	432716.3646
2600	2.745987691	327438.89
2600	2.796372786	327454.2733
2600	2.846757881	389276.4295
2600	2.897142977	332166.4967
2600	2.947528072	332179.3802
2600	2.997913167	389337.2366
2600	3.048298262	389346.2204
2600	3.098683358	332221.0028
2600	3.149068453	389388.6088
2600	3.199453548	417592.31
2600	3.249838643	417601.5955
2600	3.300223739	417610.4109
2600	3.350608834	417618.7848
2600	3.400993929	417626.7435
2600	3.451379024	417634.311
2600	3.50176412	417641.5094
2600	3.552149215	417648.3592
2600	3.60253431	417654.8793
2600	3.652919405	417661.0872
2600	3.703304501	417666.9993
2600	3.753689596	417672.6448
2600	3.804074691	417678.0084
2600	3.854459786	417683.4384
2600	3.904844882	417688.0898
2600	3.955229977	417693.1317
2600	4.005615072	417697.5461
2600	4.056000167	417701.5539
2600	4.106385263	417705.5613
2600	4.156770358	417709.3784
2600	4.207155453	417713.0167
2600	4.257540548	417716.4799
2600	4.307925643	417719.7847
2600	4.358310739	417722.9246
2600	4.408695834	417725.9136
2600	4.459080929	417728.8955
2600	4.509466024	417731.4601
2600	4.55985112	417734.04
2600	4.610236215	417736.4886
2600	4.66062131	417738.8163
2600	4.711006405	417741.0285
2600	4.761391501	417743.1301
2600	4.811776596	417745.1259
2600	4.862161691	417747.0206
2600	4.912546786	417748.8186
2600	4.962931882	417750.5238
2600	5.013316977	394042.7271
2610	1.990211262	331606.6948
2610	2.040596357	339670.9867
2610	2.090981453	408918.8234
2610	2.141366548	333629.8599
2610	2.191751643	331800.2147
2610	2.242136738	331834.2651
2610	2.292521834	331865.5503
2610	2.342906929	331894.3882
2610	2.393292024	331921.0497
2610	2.443677119	331945.7669
2610	2.494062215	331968.7395
2610	2.54444731	331990.1406
2610	2.594832405	389135.9429
2610	2.6452175	332069.1935
2610	2.695602596	389193.0854
2610	2.745987691	332108.2308
2610	2.796372786	332123.6902
2610	2.846757881	332138.246
2610	2.897142977	389287.8004
2610	2.947528072	353224.1273
2610	2.997913167	369126.0548
2610	3.048298262	369135.0949
2610	3.098683358	369143.6547
2610	3.149068453	328633.1912
2610	3.199453548	335068.2273
2610	3.249838643	335077.5831
2610	3.300223739	335086.4686
2610	3.350608834	335094.9123
2610	3.400993929	335102.9406
2610	3.451379024	335110.5775
2610	3.50176412	335117.8452
2610	3.552149215	335124.7643
2610	3.60253431	335131.3535
2610	3.652919405	335137.6306
2610	3.703304501	335143.6118
2610	3.753689596	335149.3267
2610	3.804074691	335154.7594
2610	3.854459786	335160.2619
2610	3.904844882	335164.8795
2610	3.955229977	335169.8956
2610	4.005615072	335174.648
2610	4.056000167	335178.7958
2610	4.106385263	335182.7326
2610	4.156770358	335186.6194
2610	4.207155453	335190.3277
2610	4.257540548	335193.861
2610	4.307925643	335197.2293
2610	4.358310739	335200.4463
2610	4.408695834	335203.5059
2610	4.459080929	335206.5669
2610	4.509466024	335209.1938
2610	4.55985112	335211.8446
2610	4.610236215	335214.3642
2610	4.66062131	335216.7631
2610	4.711006405	335219.0465
2610	4.761391501	335221.2195
2610	4.811776596	335223.2868
2610	4.862161691	335225.253
2610	4.912546786	335227.1225
2610	4.962931882	335228.8996
2610	5.013316977	339543.233
2620	1.990211262	408620.7675
2620	2.040596357	331744.897
2620	2.090981453	388755.9871
2620	2.141366548	388787.8866
2620	2.191751643	432474.5078
2620	2.242136738	324118.0901
2620	2.292521834	324149.4651
2620	2.342906929	340008.1487
2620	2.393292024	327318.7555
2620	2.443677119	322363.1047
2620	2.494062215	340082.7545
2620	2.54444731	409425.1497
2620	2.594832405	432746.7762
2620	2.6452175	327473.7427
2620	2.695602596	322510.8834
2620	2.745987691	389299.0694
2620	2.796372786	332208.2696
2620	2.846757881	332222.9
2620	2.897142977	332236.6445
2620	2.947528072	389388.6468
2620	2.997913167	389398.2596
2620	3.048298262	389407.3556
2620	3.098683358	432933.2598
2620	3.149068453	412814.8385
2620	3.199453548	332319.442
2620	3.249838643	335078.8952
2620	3.300223739	335087.8502
2620	3.350608834	335096.3633
2620	3.400993929	335104.4606
2620	3.451379024	335112.1664
2620	3.50176412	335119.5029
2620	3.552149215	335126.4907
2620	3.60253431	335133.1486
2620	3.652919405	335139.4942
2620	3.703304501	335145.544
2620	3.753689596	335151.3277
2620	3.804074691	335156.829
2620	3.854459786	335162.0607
2620	3.904844882	335167.404
2620	3.955229977	335171.8642
2620	4.005615072	335176.7266
2620	4.056000167	335181.0727
2620	4.106385263	335185.2183
2620	4.156770358	335189.1746
2620	4.207155453	335192.9521
2620	4.257540548	335196.5549
2620	4.307925643	335199.9928
2620	4.358310739	335203.2795
2620	4.408695834	335206.4088
2620	4.459080929	335209.5484
2620	4.509466024	335212.2368
2620	4.55985112	335214.9577
2620	4.610236215	335217.5476
2620	4.66062131	335220.0169
2620	4.711006405	335222.3709
2620	4.761391501	335224.6145
2620	4.811776596	335226.7525
2620	4.862161691	335228.7894
2620	4.912546786	335230.7298
2620	4.962931882	335232.5779
2620	5.013316977	336778.4087
2630	1.990211262	388591.2053
2630	2.040596357	331735.1695
2630	2.090981453	388743.813
2630	2.141366548	331834.5394
2630	2.191751643	331871.9155
2630	2.242136738	331906.148
2630	2.292521834	395388.6112
2630	2.342906929	332020.5703
2630	2.393292024	332047.4042
2630	2.443677119	332072.2905
2630	2.494062215	389138.8718
2630	2.54444731	389155.7019
2630	2.594832405	332120.99
2630	2.6452175	332139.8376
2630	2.695602596	332157.5083
2630	2.745987691	332174.1037
2630	2.796372786	332189.7137
2630	2.846757881	332204.4183
2630	2.897142977	332218.2884
2630	2.947528072	332231.3371
2630	2.997913167	332243.7252
2630	3.048298262	332255.4509
2630	3.098683358	361217.3823
2630	3.149068453	316064.733
2630	3.199453548	361243.2382
2630	3.249838643	341794.7435
2630	3.300223739	341803.7676
2630	3.350608834	341812.3494
2630	3.400993929	341820.5153
2630	3.451379024	341828.2895
2630	3.50176412	341835.6943
2630	3.552149215	341842.7502
2630	3.60253431	341849.4762
2630	3.652919405	341855.8899
2630	3.703304501	341862.0076
2630	3.753689596	341867.8595
2630	3.804074691	341873.4289
2630	3.854459786	341878.7413
2630	3.904844882	341884.1568
2630	3.955229977	341889.0644
2630	4.005615072	341893.2966
2630	4.056000167	341898.017
2630	4.106385263	341902.2309
2630	4.156770358	341906.2557
2630	4.207155453	341910.102
2630	4.257540548	341913.7735
2630	4.307925643	341917.2803
2630	4.358310739	341920.6361
2630	4.408695834	341923.8345
2630	4.459080929	341927.052
2630	4.509466024	341929.8011
2630	4.55985112	341932.5915
2630	4.610236215	341935.2509
2630	4.66062131	341937.7899
2630	4.711006405	341940.2136
2630	4.761391501	341942.5271
2630	4.811776596	341944.735
2630	4.862161691	341946.842
2630	4.912546786	341948.8524
2630	4.962931882	341950.7706
2630	5.013316977	316447.0636
2640	1.990211262	388579.111
2640	2.040596357	428721.0168
2640	2.090981453	405400.4042
2640	2.141366548	330119.4198
2640	2.191751643	387151.7413
2640	2.242136738	403776.9507
2640	2.292521834	331306.3628
2640	2.342906929	332977.0979
2640	2.393292024	405720.1708
2640	2.443677119	330331.8668
2640	2.494062215	387422.176
2640	2.54444731	328516.656
2640	2.594832405	328536.8753
2640	2.6452175	385651.3994
2640	2.695602596	429202.8615
2640	2.745987691	405946.8565
2640	2.796372786	330486.0961
2640	2.846757881	342958.2877
2640	2.897142977	410319.423
2640	2.947528072	410329.6624
2640	2.997913167	410339.3866
2640	3.048298262	329273.7444
2640	3.098683358	329284.9236
2640	3.149068453	329295.5277
2640	3.199453548	386462.722
2640	3.249838643	329321.2809
2640	3.300223739	331506.5191
2640	3.350608834	331515.1692
2640	3.400993929	331523.4032
2640	3.451379024	331531.2453
2640	3.50176412	331538.7179
2640	3.552149215	331545.8414
2640	3.60253431	331552.6349
2640	3.652919405	331559.1161
2640	3.703304501	331565.3013
2640	3.753689596	331571.2209
2640	3.804074691	331576.8577
2640	3.854459786	331582.2412
2640	3.904844882	331587.7374
2640	3.955229977	331592.2995
2640	4.005615072	331597.3047
2640	4.056000167	331601.8186
2640	4.106385263	331606.0674
2640	4.156770358	331610.1616
2640	4.207155453	331614.0759
2640	4.257540548	331617.8156
2640	4.307925643	331621.3906
2640	4.358310739	331624.8147
2640	4.408695834	331628.0816
2640	4.459080929	331631.3763
2640	4.509466024	331634.1913
2640	4.55985112	331637.0445
2640	4.610236215	331639.7728
2640	4.66062131	331642.3807
2640	4.711006405	331644.8735
2640	4.761391501	331647.256
2640	4.811776596	331649.5331
2640	4.862161691	331651.7093
2640	4.912546786	331653.7891
2640	4.962931882	331655.7765
2640	5.013316977	328116.215
2650	1.990211262	328171.662
2650	2.040596357	328221.6964
2650	2.090981453	328266.9687
2650	2.141366548	328308.118
2650	2.191751643	328345.6762
2650	2.242136738	328380.0882
2650	2.292521834	328411.7288
2650	2.342906929	328440.9157
2650	2.393292024	385467.5995
2650	2.443677119	429061.8896
2650	2.494062215	320685.4509
2650	2.54444731	387445.4216
2650	2.594832405	387461.2637
2650	2.6452175	387476.0951
2650	2.695602596	328573.5858
2650	2.745987691	328590.332
2650	2.796372786	385719.9444
2650	2.846757881	328628.0022
2650	2.897142977	328642.0175
2650	2.947528072	328655.2072
2650	2.997913167	328667.7375
2650	3.048298262	328679.6041
2650	3.098683358	336737.0866
2650	3.149068453	320918.0023
2650	3.199453548	336757.8953
2650	3.249838643	409244.5192
2650	3.300223739	410318.7696
2650	3.350608834	410327.4875
2650	3.400993929	410335.7891
2650	3.451379024	410343.6986
2650	3.50176412	410351.2384
2650	3.552149215	410358.429
2650	3.60253431	410365.2896
2650	3.652919405	410371.8377
2650	3.703304501	410378.0899
2650	3.753689596	410384.0765
2650	3.804074691	410389.7802
2650	3.854459786	410395.2307
2650	3.904844882	410400.8071
2650	3.955229977	410405.423
2650	4.005615072	410410.3979
2650	4.056000167	410415.0461
2650	4.106385263	410419.5627
2650	4.156770358	410423.5558
2650	4.207155453	410427.5387
2650	4.257540548	410431.3459
2650	4.307925643	410434.9884
2650	4.358310739	410438.4803
2650	4.408695834	410441.815
2650	4.459080929	410445.1862
2650	4.509466024	410448.0605
2650	4.55985112	410450.9817
2650	4.610236215	410453.7782
2650	4.66062131	410456.4543
2650	4.711006405	410459.0154
2650	4.761391501	410461.4663
2650	4.811776596	410463.8118
2650	4.862161691	410466.0566
2650	4.912546786	410468.2048
2650	4.962931882	410470.2609
2650	5.013316977	397025.8907
2660	1.990211262	390187.0917
2660	2.040596357	331542.9894
2660	2.090981453	388544.3158
2660	2.141366548	331642.9885
2660	2.191751643	331680.6367
2660	2.242136738	331715.1374
2660	2.292521834	339769.1557
2660	2.342906929	327082.2872
2660	2.393292024	388865.709
2660	2.443677119	388885.3268
2660	2.494062215	331883.5343
2660	2.54444731	331905.3388
2660	2.594832405	331925.7152
2660	2.6452175	389039.3716
2660	2.695602596	331974.5685
2660	2.745987691	331991.3894
2660	2.796372786	332007.2219
2660	2.846757881	332022.146
2660	2.897142977	332036.2332
2660	2.947528072	332049.5472
2660	2.997913167	340104.6864
2660	3.048298262	324286.865
2660	3.098683358	324298.1832
2660	3.149068453	391125.3912
2660	3.199453548	333992.688
2660	3.249838643	334002.3883
2660	3.300223739	340196.4667
2660	3.350608834	323152.2863
2660	3.400993929	323160.6549
2660	3.451379024	323168.6313
2660	3.50176412	323176.2378
2660	3.552149215	323183.4951
2660	3.60253431	323190.4221
2660	3.652919405	323197.0367
2660	3.703304501	323203.3553
2660	3.753689596	323209.4085
2660	3.804074691	323215.1786
2660	3.854459786	323220.6954
2660	3.904844882	323226.3516
2660	3.955229977	323231.0206
2660	4.005615072	323236.0625
2660	4.056000167	323240.8685
2660	4.106385263	323245.1959
2660	4.156770358	323249.3371
2660	4.207155453	323253.4707
2660	4.257540548	323257.3466
2660	4.307925643	323261.0561
2660	4.358310739	323264.615
2660	4.408695834	323268.0168
2660	4.459080929	323271.2691
2660	4.509466024	323274.3959
2660	4.55985112	323277.3854
2660	4.610236215	323280.2493
2660	4.66062131	323282.993
2660	4.711006405	323285.6216
2660	4.761391501	323288.1402
2660	4.811776596	323290.5534
2660	4.862161691	323292.8659
2660	4.912546786	323295.082
2660	4.962931882	323297.2059
2660	5.013316977	323726.7731
2670	1.990211262	323782.466
2670	2.040596357	390325.9625
2670	2.090981453	432157.7063
2670	2.141366548	326929.8205
2670	2.191751643	321987.1053
2670	2.242136738	322021.6942
2670	2.292521834	322053.5088
2670	2.342906929	395242.4609
2670	2.393292024	432470.9437
2670	2.443677119	324098.9606
2670	2.494062215	390798.2808
2670	2.54444731	333766.6679
2670	2.594832405	333787.1221
2670	2.6452175	346256.3616
2670	2.695602596	327600.4075
2670	2.745987691	340012.5359
2670	2.796372786	327312.3005
2670	2.846757881	327327.2969
2670	2.897142977	389154.4113
2670	2.947528072	332052.5965
2670	2.997913167	389195.3182
2670	3.048298262	332080.8722
2670	3.098683358	332092.2588
2670	3.149068453	389248.8673
2670	3.199453548	332118.1312
2670	3.249838643	332127.899
2670	3.300223739	340188.5695
2670	3.350608834	323142.2287
2670	3.400993929	323150.664
2670	3.451379024	323158.7068
2670	3.50176412	323166.3795
2670	3.552149215	323173.7029
2670	3.60253431	323180.6959
2670	3.652919405	323187.3765
2670	3.703304501	323193.7609
2670	3.753689596	323199.8801
2670	3.804074691	323205.716
2670	3.854459786	323211.2986
2670	3.904844882	323217.0341
2670	3.955229977	323221.7556
2670	4.005615072	323226.8639
2670	4.056000167	323231.7475
2670	4.106385263	323236.2924
2670	4.156770358	323240.4249
2670	4.207155453	323244.4549
2670	4.257540548	323248.4861
2670	4.307925643	323252.2569
2670	4.358310739	323255.8823
2670	4.408695834	323259.3505
2670	4.459080929	323262.6693
2670	4.509466024	323265.8558
2670	4.55985112	323268.919
2670	4.610236215	323271.8496
2670	4.66062131	323274.6601
2670	4.711006405	323277.3556
2670	4.761391501	323279.9412
2670	4.811776596	323282.4214
2670	4.862161691	323284.801
2670	4.912546786	323287.0842
2670	4.962931882	323289.2752
2670	5.013316977	326921.7633
2680	1.990211262	388365.8491
2680	2.040596357	331523.4499
2680	2.090981453	339584.1969
2680	2.141366548	408827.4669
2680	2.191751643	331667.4984
2680	2.242136738	331702.1747
2680	2.292521834	331734.0754
2680	2.342906929	339787.6749
2680	2.393292024	323985.1722
2680	2.443677119	390749.8547
2680	2.494062215	331865.7638
2680	2.54444731	331887.7261
2680	2.594832405	331908.2576
2680	2.6452175	389017.7942
2680	2.695602596	331957.5015
2680	2.745987691	331974.4704
2680	2.796372786	331990.4488
2680	2.846757881	332005.5171
2680	2.897142977	332019.7467
2680	2.947528072	332033.2016
2680	2.997913167	389185.2969
2680	3.048298262	332072.8976
2680	3.098683358	340133.1754
2680	3.149068453	327427.9124
2680	3.199453548	340154.3926
2680	3.249838643	409511.9532
2680	3.300223739	407652.4237
2680	3.350608834	332142.6475
2680	3.400993929	334914.9267
2680	3.451379024	334923.0354
2680	3.50176412	334930.7739
2680	3.552149215	334938.1628
2680	3.60253431	334945.2214
2680	3.652919405	334951.9673
2680	3.703304501	334958.4171
2680	3.753689596	334964.6018
2680	3.804074691	334970.503
2680	3.854459786	334976.1508
2680	3.904844882	334981.9651
2680	3.955229977	334986.7385
2680	4.005615072	334991.9127
2680	4.056000167	334996.8733
2680	4.106385263	335001.2165
2680	4.156770358	335005.5812
2680	4.207155453	335009.8522
2680	4.257540548	335013.7772
2680	4.307925643	335017.7062
2680	4.358310739	335021.3926
2680	4.408695834	335024.9267
2680	4.459080929	335028.3114
2680	4.509466024	335031.5637
2680	4.55985112	335034.693
2680	4.610236215	335037.6898
2680	4.66062131	335040.5664
2680	4.711006405	335043.3281
2680	4.761391501	335045.9799
2680	4.811776596	335048.5265
2680	4.862161691	335050.9724
2680	4.912546786	335053.3219
2680	4.962931882	335055.5793
2680	5.013316977	400795.7671
2690	1.990211262	331298.4353
2690	2.040596357	388427.7968
2690	2.090981453	331559.7684
2690	2.141366548	339619.3399
2690	2.191751643	339657.2541
2690	2.242136738	408924.8405
2690	2.292521834	432319.5015
2690	2.342906929	327070.2323
2690	2.393292024	327097.5696
2690	2.443677119	388865.1255
2690	2.494062215	331850.2517
2690	2.54444731	331872.2921
2690	2.594832405	388969.9161
2690	2.6452175	432536.1936
2690	2.695602596	409270.148
2690	2.745987691	432581.4939
2690	2.796372786	409322.2436
2690	2.846757881	333864.5913
2690	2.897142977	332012.0551
2690	2.947528072	332025.5797
2690	2.997913167	389168.6515
2690	3.048298262	332058.3499
2690	3.098683358	332069.8208
2690	3.149068453	332080.7659
2690	3.199453548	364569.8351
2690	3.249838643	360613.2579
2690	3.300223739	311764.3709
2690	3.350608834	311773.3553
2690	3.400993929	323001.0681
2690	3.451379024	323009.2423
2690	3.50176412	323017.046
2690	3.552149215	323024.5001
2690	3.60253431	323031.6237
2690	3.652919405	323038.4345
2690	3.703304501	323044.9491
2690	3.753689596	323051.1988
2690	3.804074691	323057.1647
2690	3.854459786	323062.8773
2690	3.904844882	323068.7698
2690	3.955229977	323073.5945
2690	4.005615072	323078.834
2690	4.056000167	323083.8711
2690	4.106385263	323088.2675
2690	4.156770358	323092.697
2690	4.207155453	323096.7653
2690	4.257540548	323101.1125
2690	4.307925643	323104.9376
2690	4.358310739	323108.7691
2690	4.408695834	323112.3706
2690	4.459080929	323115.8205
2690	4.509466024	323119.1382
2690	4.55985112	323122.3329
2690	4.610236215	323125.395
2690	4.66062131	323128.3372
2690	4.711006405	323131.1644
2690	4.761391501	323133.8817
2690	4.811776596	323136.4939
2690	4.862161691	323139.0054
2690	4.912546786	323141.4206
2690	4.962931882	323143.7437
2690	5.013316977	404117.8379
2700	1.990211262	334618.6645
2700	2.040596357	334669.2218
2700	2.090981453	334714.9437
2700	2.141366548	334756.5408
2700	2.191751643	391931.792
2700	2.242136738	391958.991
2700	2.292521834	335034.6125
2700	2.342906929	335064.2223
2700	2.393292024	398527.3301
2700	2.443677119	392148.8913
2700	2.494062215	335156.8755
2700	2.54444731	343214.5543
2700	2.594832405	343235.2389
2700	2.6452175	330538.4811
2700	2.695602596	325576.2263
2700	2.745987691	325593.3413
2700	2.796372786	325609.4639
2700	2.846757881	325624.6745
2700	2.897142977	325639.0447
2700	2.947528072	343349.2326
2700	2.997913167	412715.339
2700	3.048298262	412724.8671
2700	3.098683358	335379.131
2700	3.149068453	392528.6183
2700	3.199453548	335403.7787
2700	3.249838643	343464.187
2700	3.300223739	412816.6755
2700	3.350608834	410956.9024
2700	3.400993929	410963.6397
2700	3.451379024	417030.9394
2700	3.50176412	417038.8079
2700	3.552149215	417046.3267
2700	3.60253431	417053.5147
2700	3.652919405	417060.39
2700	3.703304501	417066.9689
2700	3.753689596	417073.283
2700	3.804074691	417079.3132
2700	3.854459786	417085.09
2700	3.904844882	417091.0603
2700	3.955229977	417095.9356
2700	4.005615072	417101.4087
2700	4.056000167	417106.2596
2700	4.106385263	417111.0331
2700	4.156770358	417115.4816
2700	4.207155453	417119.6092
2700	4.257540548	417123.7522
2700	4.307925643	417127.8143
2700	4.358310739	417131.5494
2700	4.408695834	417135.2849
2700	4.459080929	417138.8088
2700	4.509466024	417142.1912
2700	4.55985112	417145.4507
2700	4.610236215	417148.5776
2700	4.66062131	417151.5845
2700	4.711006405	417154.4766
2700	4.761391501	417157.2589
2700	4.811776596	417159.9359
2700	4.862161691	417162.5124
2700	4.912546786	417164.9925
2700	4.962931882	417167.3806
2700	5.013316977	339853.4556
2710	1.990211262	342891.1364
2710	2.040596357	411959.8434
2710	2.090981453	336722.7663
2710	2.141366548	393725.8202
2710	2.191751643	435527.9981
2710	2.242136738	412216.7641
2710	2.292521834	412241.8604
2710	2.342906929	336926.3496
2710	2.393292024	336953.8502
2710	2.443677119	335112.5546
2710	2.494062215	392195.7028
2710	2.54444731	335173.4729
2710	2.594832405	392263.5708
2710	2.6452175	335219.717
2710	2.695602596	392323.0587
2710	2.745987691	335260.4685
2710	2.796372786	392375.5981
2710	2.846757881	335296.6263
2710	2.897142977	392422.3048
2710	2.947528072	392432.9684
2710	2.997913167	335343.7583
2710	3.048298262	335356.034
2710	3.098683358	392501.5763
2710	3.149068453	335383.8883
2710	3.199453548	335394.4265
2710	3.249838643	357913.4831
2710	3.300223739	311745.9176
2710	3.350608834	384124.4377
2710	3.400993929	326983.0598
2710	3.451379024	338213.3534
2710	3.50176412	338221.2863
2710	3.552149215	338228.8691
2710	3.60253431	338236.1212
2710	3.652919405	338243.0604
2710	3.703304501	338249.7031
2710	3.753689596	338256.0812
2710	3.804074691	338262.1751
2710	3.854459786	338268.0156
2710	3.904844882	338274.0633
2710	3.955229977	338278.9886
2710	4.005615072	338284.538
2710	4.056000167	338289.4637
2710	4.106385263	338294.3117
2710	4.156770358	338298.834
2710	4.207155453	338302.9814
2710	4.257540548	338307.1881
2710	4.307925643	338311.2287
2710	4.358310739	338315.1192
2710	4.408695834	338318.9152
2710	4.459080929	338322.444
2710	4.509466024	338325.9546
2710	4.55985112	338329.2732
2710	4.610236215	338332.4643
2710	4.66062131	338335.5354
2710	4.711006405	338338.4916
2710	4.761391501	338341.3381
2710	4.811776596	338344.0794
2710	4.862161691	338346.7202
2710	4.912546786	338349.2646
2710	4.962931882	338351.7169
2710	5.013316977	339842.5521
2720	1.990211262	391624.817
2720	2.040596357	391664.4223
2720	2.090981453	391700.2435
2720	2.141366548	435468.1921
2720	2.191751643	412149.0982
2720	2.242136738	336845.6816
2720	2.292521834	335011.0842
2720	2.342906929	398471.7527
2720	2.393292024	335104.7814
2720	2.443677119	335130.4016
2720	2.494062215	392184.506
2720	2.54444731	392201.8886
2720	2.594832405	392218.1505
2720	2.6452175	335211.0288
2720	2.695602596	335229.3733
2720	2.745987691	335246.6326
2720	2.796372786	335262.8976
2720	2.846757881	343317.4246
2720	2.897142977	327502.1762
2720	2.947528072	325649.0712
2720	2.997913167	325662.0824
2720	3.048298262	325674.4253
2720	3.098683358	325686.1467
2720	3.149068453	392509.1005
2720	3.199453548	392517.3765
2720	3.249838643	356622.0039
2720	3.300223739	319390.4487
2720	3.350608834	389157.7455
2720	3.400993929	332018.2275
2720	3.451379024	332026.5952
2720	3.50176412	338475.0517
2720	3.552149215	338482.6982
2720	3.60253431	338490.0139
2720	3.652919405	338497.0164
2720	3.703304501	338503.7225
2720	3.753689596	338510.1641
2720	3.804074691	338516.3211
2720	3.854459786	338522.2248
2720	3.904844882	338528.3494
2720	3.955229977	338533.3242
2720	4.005615072	338538.9494
2720	4.056000167	338543.9494
2720	4.106385263	338548.5719
2720	4.156770358	338553.1928
2720	4.207155453	338557.6329
2720	4.257540548	338561.9033
2720	4.307925643	338566.0072
2720	4.358310739	338569.961
2720	4.408695834	338573.7578
2720	4.459080929	338577.4782
2720	4.509466024	338580.929
2720	4.55985112	338584.3693
2720	4.610236215	338587.7251
2720	4.66062131	338590.7594
2720	4.711006405	338593.7803
2720	4.761391501	338596.6904
2720	4.811776596	338599.4953
2720	4.862161691	338602.1996
2720	4.912546786	338604.8076
2720	4.962931882	338607.3235
2720	5.013316977	340087.6729
2730	1.990211262	396341.9081
2730	2.040596357	334908.9605
2730	2.090981453	334954.9434
2730	2.141366548	334996.8007
2730	2.191751643	343048.1257
2730	2.242136738	330367.0887
2730	2.292521834	392270.1616
2730	2.342906929	398688.4856
2730	2.393292024	335346.704
2730	2.443677119	392402.2173
2730	2.494062215	392420.8993
2730	2.54444731	335422.5376
2730	2.594832405	335443.4484
2730	2.6452175	392539.3513
2730	2.695602596	335490.2897
2730	2.745987691	392595.6528
2730	2.796372786	392608.4022
2730	2.846757881	335546.683
2730	2.897142977	335561.2609
2730	2.947528072	392690.1401
2730	2.997913167	392700.3476
2730	3.048298262	392710.0329
2730	3.098683358	392719.2328
2730	3.149068453	392727.9802
2730	3.199453548	335647.1065
2730	3.249838643	343706.7794
2730	3.300223739	327886.7107
2730	3.350608834	326029.1179
2730	3.400993929	326037.9431
2730	3.451379024	343742.9683
2730	3.50176412	326709.382
2730	3.552149215	326717.0918
2730	3.60253431	326724.4705
2730	3.652919405	326731.5361
2730	3.703304501	326738.305
2730	3.753689596	326744.8095
2730	3.804074691	326751.0292
2730	3.854459786	326756.9955
2730	3.904844882	326763.1966
2730	3.955229977	326768.2202
2730	4.005615072	326773.9209
2730	4.056000167	326778.9946
2730	4.106385263	326783.6562
2730	4.156770358	326788.3398
2730	4.207155453	326792.8426
2730	4.257540548	326797.1756
2730	4.307925643	326801.3422
2730	4.358310739	326805.3588
2730	4.408695834	326809.2184
2730	4.459080929	326812.9347
2730	4.509466024	326816.659
2730	4.55985112	326820.0217
2730	4.610236215	326823.4471
2730	4.66062131	326826.5369
2730	4.711006405	326829.578
2730	4.761391501	326832.5921
2730	4.811776596	326835.4615
2730	4.862161691	326838.2288
2730	4.912546786	326840.8998
2730	4.962931882	326843.4786
2730	5.013316977	402417.8384
2740	1.990211262	402461.7022
2740	2.040596357	395608.5679
2740	2.090981453	435433.4399
2740	2.141366548	330433.2114
2740	2.191751643	325491.1029
2740	2.242136738	325526.2908
2740	2.292521834	325558.6954
2740	2.342906929	325588.6333
2740	2.393292024	398789.7488
2740	2.443677119	398809.8675
2740	2.494062215	335450.6901
2740	2.54444731	392462.1685
2740	2.594832405	392478.5469
2740	2.6452175	335458.2573
2740	2.695602596	335476.7465
2740	2.745987691	335494.1484
2740	2.796372786	343549.0085
2740	2.846757881	327734.741
2740	2.897142977	343579.1447
2740	2.947528072	412918.9638
2740	2.997913167	337450.8085
2740	3.048298262	337463.2844
2740	3.098683358	337475.1377
2740	3.149068453	349944.2893
2740	3.199453548	331281.0413
2740	3.249838643	326568.4788
2740	3.300223739	393380.697
2740	3.350608834	336249.2526
2740	3.400993929	393409.1353
2740	3.451379024	436329.5561
2740	3.50176412	327921.3685
2740	3.552149215	330705.9742
2740	3.60253431	330713.4156
2740	3.652919405	330720.5436
2740	3.703304501	330727.3749
2740	3.753689596	330733.9418
2740	3.804074691	330740.2238
2740	3.854459786	330746.2523
2740	3.904844882	330752.5293
2740	3.955229977	330757.6012
2740	4.005615072	330763.3768
2740	4.056000167	330768.5239
2740	4.106385263	330773.3316
2740	4.156770358	330777.9698
2740	4.207155453	330782.5345
2740	4.257540548	330786.9296
2740	4.307925643	330791.1583
2740	4.358310739	330795.2303
2740	4.408695834	330799.1589
2740	4.459080929	330802.9373
2740	4.509466024	330806.7327
2740	4.55985112	330810.0845
2740	4.610236215	330813.4749
2740	4.66062131	330816.7905
2740	4.711006405	330819.8919
2740	4.761391501	330822.971
2740	4.811776596	330825.8684
2740	4.862161691	330828.7309
2740	4.912546786	330831.4656
2740	4.962931882	330834.1067
2740	5.013316977	330435.1375
2750	1.990211262	396316.9757
2750	2.040596357	391889.6973
2750	2.090981453	391925.7186
2750	2.141366548	335128.0805
2750	2.191751643	335166.5089
2750	2.242136738	392190.7542
2750	2.292521834	435836.8754
2750	2.342906929	411764.7701
2750	2.393292024	427403.162
2750	2.443677119	324098.0962
2750	2.494062215	322255.3502
2750	2.54444731	322277.8492
2750	2.594832405	322298.9084
2750	2.6452175	322318.6602
2750	2.695602596	340033.8148
2750	2.745987691	412811.2442
2750	2.796372786	412824.1027
2750	2.846757881	335525.587
2750	2.897142977	335540.3013
2750	2.947528072	335554.2355
2750	2.997913167	392686.0935
2750	3.048298262	335588.0439
2750	3.098683358	335599.9625
2750	3.149068453	335611.3004
2750	3.199453548	392759.0672
2750	3.249838643	335638.8719
2750	3.300223739	335648.6878
2750	3.350608834	392805.0778
2750	3.400993929	356639.6662
2750	3.451379024	375244.5465
2750	3.50176412	431230.2082
2750	3.552149215	417860.0629
2750	3.60253431	417867.5664
2750	3.652919405	417874.7564
2750	3.703304501	417881.6496
2750	3.753689596	417888.2786
2750	3.804074691	417894.6223
2750	3.854459786	417900.7124
2750	3.904844882	417906.5474
2750	3.955229977	417912.5059
2750	4.005615072	417917.5777
2750	4.056000167	417922.9975
2750	4.106385263	417927.9932
2750	4.156770358	417932.7996
2750	4.207155453	417937.4261
2750	4.257540548	417941.8828
2750	4.307925643	417946.1731
2750	4.358310739	417950.3066
2750	4.408695834	417954.2968
2750	4.459080929	417958.1369
2750	4.509466024	417962.0026
2750	4.55985112	417965.4073
2750	4.610236215	417968.8594
2750	4.66062131	417972.1864
2750	4.711006405	417975.3987
2750	4.761391501	417978.5432
2750	4.811776596	417981.4995
2750	4.862161691	417984.4264
2750	4.912546786	417987.1967
2750	4.962931882	417989.9243
2750	5.013316977	400948.7324
2760	1.990211262	334776.8582
2760	2.040596357	391898.7337
2760	2.090981453	435613.6215
2760	2.141366548	327276.6801
2760	2.191751643	327315.1919
2760	2.242136738	325483.7092
2760	2.292521834	325516.277
2760	2.342906929	392257.9068
2760	2.393292024	335287.2871
2760	2.443677119	412488.5137
2760	2.494062215	338257.5526
2760	2.54444731	338280.1264
2760	2.594832405	398154.7219
2760	2.6452175	341122.2118
2760	2.695602596	398215.3287
2760	2.745987691	398229.0203
2760	2.796372786	398241.9329
2760	2.846757881	341200.7346
2760	2.897142977	398316.7177
2760	2.947528072	341233.7831
2760	2.997913167	341247.0612
2760	3.048298262	398379.2653
2760	3.098683358	335573.0249
2760	3.149068453	335584.4272
2760	3.199453548	335595.2868
2760	3.249838643	335605.6391
2760	3.300223739	335615.4681
2760	3.350608834	335624.901
2760	3.400993929	335633.9151
2760	3.451379024	392802.4965
2760	3.50176412	436301.1148
2760	3.552149215	416182.5133
2760	3.60253431	417282.719
2760	3.652919405	417289.9706
2760	3.703304501	417296.9252
2760	3.753689596	417303.6157
2760	3.804074691	417310.0206
2760	3.854459786	417316.1719
2760	3.904844882	417322.0807
2760	3.955229977	417328.1133
2760	4.005615072	417333.2288
2760	4.056000167	417338.702
2760	4.106385263	417343.9176
2760	4.156770358	417348.8041
2760	4.207155453	417353.3138
2760	4.257540548	417357.8313
2760	4.307925643	417362.1826
2760	4.358310739	417366.3771
2760	4.408695834	417370.4283
2760	4.459080929	417374.3295
2760	4.509466024	417378.2651
2760	4.55985112	417381.722
2760	4.610236215	417385.2351
2760	4.66062131	417388.6232
2760	4.711006405	417391.8965
2760	4.761391501	417395.06
2760	4.811776596	417398.1184
2760	4.862161691	417401.1101
2760	4.912546786	417403.9386
2760	4.962931882	417406.7299
2760	5.013316977	400507.8143
2770	1.990211262	400551.8692
2770	2.040596357	334851.4421
2770	2.090981453	391977.2421
2770	2.141366548	335104.6429
2770	2.191751643	335143.2376
2770	2.242136738	392162.9065
2770	2.292521834	335227.6256
2770	2.342906929	335257.8038
2770	2.393292024	335285.7816
2770	2.443677119	412508.7454
2770	2.494062215	338283.3122
2770	2.54444731	339954.3801
2770	2.594832405	324145.8284
2770	2.6452175	394354.1763
2770	2.695602596	337314.0524
2770	2.745987691	394411.351
2770	2.796372786	337353.3725
2770	2.846757881	394462.1319
2770	2.897142977	436142.0772
2770	2.947528072	330862.6873
2770	2.997913167	325895.5783
2770	3.048298262	392681.4584
2770	3.098683358	335581.4496
2770	3.149068453	335592.9158
2770	3.199453548	335603.839
2770	3.249838643	335614.2544
2770	3.300223739	335624.1448
2770	3.350608834	392781.951
2770	3.400993929	392789.0347
2770	3.451379024	335661.6821
2770	3.50176412	335669.9913
2770	3.552149215	335677.9494
2770	3.60253431	335685.5758
2770	3.652919405	338479.8842
2770	3.703304501	338486.8998
2770	3.753689596	338493.6513
2770	3.804074691	338500.117
2770	3.854459786	338506.329
2770	3.904844882	338512.3
2770	3.955229977	338518.4063
2770	4.005615072	338523.5677
2770	4.056000167	338529.1019
2770	4.106385263	338534.3895
2770	4.156770358	338539.3471
2770	4.207155453	338543.8952
2770	4.257540548	338548.4731
2770	4.307925643	338552.8849
2770	4.358310739	338557.1399
2770	4.408695834	338561.2516
2770	4.459080929	338565.2132
2770	4.509466024	338569.2182
2770	4.55985112	338572.7327
2770	4.610236215	338576.3002
2770	4.66062131	338579.7488
2770	4.711006405	338583.0826
2770	4.761391501	338586.3065
2770	4.811776596	338589.4253
2770	4.862161691	338592.4435
2770	4.912546786	338595.3653
2770	4.962931882	338598.1949
2770	5.013316977	340043.8649
2780	1.990211262	335028.5541
2780	2.040596357	335079.7501
2780	2.090981453	335126.2261
2780	2.141366548	392032.658
2780	2.191751643	392062.8443
2780	2.242136738	335180.521
2780	2.292521834	335213.2499
2780	2.342906929	335243.507
2780	2.393292024	335271.5626
2780	2.443677119	335297.6487
2780	2.494062215	398793.4534
2780	2.54444731	335410.9627
2780	2.594832405	335432.2411
2780	2.6452175	357249.2944
2780	2.695602596	320080.1478
2780	2.745987691	317320.1138
2780	2.796372786	317336.7955
2780	2.846757881	317352.5581
2780	2.897142977	389553.1789
2780	2.947528072	389564.2096
2780	2.997913167	332489.8123
2780	3.048298262	332502.5493
2780	3.098683358	332514.6613
2780	3.149068453	332526.1912
2780	3.199453548	340581.8845
2780	3.249838643	409928.115
2780	3.300223739	433200.529
2780	3.350608834	324796.7568
2780	3.400993929	361553.1877
2780	3.451379024	379178.3772
2780	3.50176412	338652.5902
2780	3.552149215	393947.9919
2780	3.60253431	336803.7592
2780	3.652919405	338483.4982
2780	3.703304501	338490.5743
2780	3.753689596	338497.3864
2780	3.804074691	338503.9124
2780	3.854459786	338510.1846
2780	3.904844882	338516.2158
2780	3.955229977	338522.3954
2780	4.005615072	338527.6036
2780	4.056000167	338533.1983
2780	4.106385263	338538.5574
2780	4.156770358	338543.5857
2780	4.207155453	338548.1716
2780	4.257540548	338552.8095
2780	4.307925643	338557.2811
2780	4.358310739	338561.596
2780	4.408695834	338565.7678
2780	4.459080929	338569.7893
2780	4.509466024	338573.668
2780	4.55985112	338577.4276
2780	4.610236215	338581.0559
2780	4.66062131	338584.5643
2780	4.711006405	338587.958
2780	4.761391501	338591.2418
2780	4.811776596	338594.4204
2780	4.862161691	338597.4984
2780	4.912546786	338600.4799
2780	4.962931882	338603.3692
2780	5.013316977	404290.527
2790	1.990211262	436746.1199
2790	2.040596357	330086.2702
2790	2.090981453	391938.8316
2790	2.141366548	335071.4317
2790	2.191751643	343127.1038
2790	2.242136738	330446.5602
2790	2.292521834	392177.4908
2790	2.342906929	335229.907
2790	2.393292024	335258.0398
2790	2.443677119	335284.2018
2790	2.494062215	335308.5935
2790	2.54444731	392386.3114
2790	2.594832405	335371.2305
2790	2.6452175	335391.269
2790	2.695602596	335410.1122
2790	2.745987691	335427.8631
2790	2.796372786	335444.6128
2790	2.846757881	392560.3902
2790	2.897142977	392572.0833
2790	2.947528072	356491.4687
2790	2.997913167	372320.7913
2790	3.048298262	431027.4748
2790	3.098683358	327171.4107
2790	3.149068453	322202.551
2790	3.199453548	322213.6
2790	3.249838643	322224.1403
2790	3.300223739	322234.2041
2790	3.350608834	389041.8039
2790	3.400993929	331915.2256
2790	3.451379024	331924.0289
2790	3.50176412	357894.9042
2790	3.552149215	311725.8589
2790	3.60253431	319783.9418
2790	3.652919405	319791.3753
2790	3.703304501	311226.2997
2790	3.753689596	311233.1719
2790	3.804074691	311239.7578
2790	3.854459786	311246.0897
2790	3.904844882	311252.1806
2790	3.955229977	311258.4331
2790	4.005615072	311263.6877
2790	4.056000167	311269.3425
2790	4.106385263	311274.7726
2790	4.156770358	311279.871
2790	4.207155453	311284.654
2790	4.257540548	311289.1894
2790	4.307925643	311293.7225
2790	4.358310739	311298.0968
2790	4.408695834	311302.3279
2790	4.459080929	311306.4087
2790	4.509466024	311310.3468
2790	4.55985112	311314.1587
2790	4.610236215	311317.8534
2790	4.66062131	311321.4211
2790	4.711006405	311324.874
2790	4.761391501	311328.2171
2790	4.811776596	311331.4549
2790	4.862161691	311334.592
2790	4.912546786	311337.6328
2790	4.962931882	311340.5812
2790	5.013316977	327290.564
2800	1.990211262	314855.2071
2800	2.040596357	391597.0249
2800	2.090981453	391633.43
2800	2.141366548	334806.9637
2800	2.191751643	334845.8031
2800	2.242136738	334881.4809
2800	2.292521834	334914.3686
2800	2.342906929	334944.7822
2800	2.393292024	334972.9916
2800	2.443677119	334999.229
2800	2.494062215	335023.6949
2800	2.54444731	335046.5631
2800	2.594832405	335067.9853
2800	2.6452175	335088.0944
2800	2.695602596	335107.0072
2800	2.745987691	343141.3314
2800	2.796372786	412511.2989
2800	2.846757881	337077.2786
2800	2.897142977	337092.3264
2800	2.947528072	394207.8932
2800	2.997913167	394218.4596
2800	3.048298262	335274.3985
2800	3.098683358	335286.6376
2800	3.149068453	335298.2934
2800	3.199453548	335309.4047
2800	3.249838643	335320.0069
2800	3.300223739	392469.6066
2800	3.350608834	335349.433
2800	3.400993929	335358.6905
2800	3.451379024	392512.9728
2800	3.50176412	335379.8906
2800	3.552149215	392538.8804
2800	3.60253431	392544.9739
2800	3.652919405	436046.5535
2800	3.703304501	419031.0904
2800	3.753689596	419038.0223
2800	3.804074691	419044.6675
2800	3.854459786	419051.0588
2800	3.904844882	419057.2089
2800	3.955229977	419063.5338
2800	4.005615072	419068.8343
2800	4.056000167	419074.5485
2800	4.106385263	419080.0492
2800	4.156770358	419085.2174
2800	4.207155453	419090.0693
2800	4.257540548	419094.6313
2800	4.307925643	419099.2232
2800	4.358310739	419103.6564
2800	4.408695834	419107.9463
2800	4.459080929	419112.086
2800	4.509466024	419116.0828
2800	4.55985112	419119.9535
2800	4.610236215	419123.707
2800	4.66062131	419127.3334
2800	4.711006405	419130.8451
2800	4.761391501	419134.2468
2800	4.811776596	419137.5432
2800	4.862161691	419140.739
2800	4.912546786	419143.8382
2800	4.962931882	419146.8451
2800	5.013316977	330106.8662
2810	1.990211262	325091.7911
2810	2.040596357	396077.4606
2810	2.090981453	396403.5003
2810	2.141366548	337482.4033
2810	2.191751643	337521.3231
2810	2.242136738	391878.2224
2810	2.292521834	334952.8339
2810	2.342906929	391979.0823
2810	2.393292024	335020.5123
2810	2.443677119	412212.7935
2810	2.494062215	382975.5255
2810	2.54444731	340828.1653
2810	2.594832405	335145.4366
2810	2.6452175	335165.6159
2810	2.695602596	335184.5977
2810	2.745987691	343235.5274
2810	2.796372786	343252.4119
2810	2.846757881	327438.6171
2810	2.897142977	325586.894
2810	2.947528072	325601.2229
2810	2.997913167	392383.5001
2810	3.048298262	335297.6504
2810	3.098683358	343354.564
2810	3.149068453	330650.1411
2810	3.199453548	330661.3143
2810	3.249838643	392475.4858
2810	3.300223739	335361.9402
2810	3.350608834	343420.1249
2810	3.400993929	343429.4428
2810	3.451379024	380645.9138
2810	3.50176412	396551.6594
2810	3.552149215	332006.3539
2810	3.60253431	389166.5834
2810	3.652919405	332024.0272
2810	3.703304501	389189.658
2810	3.753689596	421102.6955
2810	3.804074691	421109.3997
2810	3.854459786	421115.8498
2810	3.904844882	421122.0586
2810	3.955229977	421128.4557
2810	4.005615072	421133.8014
2810	4.056000167	421139.5747
2810	4.106385263	421145.1455
2810	4.156770358	421150.093
2810	4.207155453	421155.0782
2810	4.257540548	421159.6994
2810	4.307925643	421164.541
2810	4.358310739	421169.033
2810	4.408695834	421173.3813
2810	4.459080929	421177.5793
2810	4.509466024	421181.6343
2810	4.55985112	421185.5632
2810	4.610236215	421189.375
2810	4.66062131	421193.0596
2810	4.711006405	421196.6293
2810	4.761391501	421200.0891
2810	4.811776596	421203.4437
2810	4.862161691	421206.6974
2810	4.912546786	421209.8546
2810	4.962931882	421212.9194
2810	5.013316977	435374.4779
2820	1.990211262	435431.3172
2820	2.040596357	435482.8301
2820	2.090981453	411950.6517
2820	2.141366548	335073.8514
2820	2.191751643	392064.032
2820	2.242136738	392092.0014
2820	2.292521834	435779.0723
2820	2.342906929	327422.3657
2820	2.393292024	325583.8907
2820	2.443677119	343306.8713
2820	2.494062215	413517.1114
2820	2.54444731	337566.886
2820	2.594832405	392418.2613
2820	2.6452175	335399.2698
2820	2.695602596	335418.3203
2820	2.745987691	392508.4094
2820	2.796372786	335461.2583
2820	2.846757881	343516.6041
2820	2.897142977	327702.0251
2820	2.947528072	327716.4183
2820	2.997913167	394494.8662
2820	3.048298262	337411.0444
2820	3.098683358	394534.5681
2820	3.149068453	337438.7459
2820	3.199453548	337449.9807
2820	3.249838643	343639.8116
2820	3.300223739	412977.7011
2820	3.350608834	412985.349
2820	3.400993929	337497.6745
2820	3.451379024	343689.2707
2820	3.50176412	413035.0484
2820	3.552149215	335660.4173
2820	3.60253431	335668.3434
2820	3.652919405	335675.9549
2820	3.703304501	335683.2686
2820	3.753689596	338484.1476
2820	3.804074691	338490.9102
2820	3.854459786	338497.4187
2820	3.904844882	338503.6858
2820	3.955229977	338510.1545
2820	4.005615072	338515.545
2820	4.056000167	338521.5382
2820	4.106385263	338526.9112
2820	4.156770358	338532.2191
2820	4.207155453	338537.0547
2820	4.257540548	338541.743
2820	4.307925643	338546.6329
2820	4.358310739	338551.1827
2820	4.408695834	338555.5888
2820	4.459080929	338559.8446
2820	4.509466024	338563.9573
2820	4.55985112	338567.9439
2820	4.610236215	338571.8133
2820	4.66062131	338575.5556
2820	4.711006405	338579.1829
2820	4.761391501	338582.7002
2820	4.811776596	338586.1122
2820	4.862161691	338589.4234
2820	4.912546786	338592.638
2820	4.962931882	338595.7601
2820	5.013316977	340015.1815
2830	1.990211262	340072.0973
2830	2.040596357	335051.8524
2830	2.090981453	335098.7547
2830	2.141366548	335141.4363
2830	2.191751643	335180.515
2830	2.242136738	335216.4298
2830	2.292521834	392161.9455
2830	2.342906929	335224.0899
2830	2.393292024	335252.5264
2830	2.443677119	343304.1061
2830	2.494062215	327499.0341
2830	2.54444731	327522.1183
2830	2.594832405	343373.5106
2830	2.6452175	412680.4137
2830	2.695602596	335412.4146
2830	2.745987691	392497.6576
2830	2.796372786	392510.9394
2830	2.846757881	335471.1461
2830	2.897142977	392573.592
2830	2.947528072	392584.8755
2830	2.997913167	392595.591
2830	3.048298262	335535.9802
2830	3.098683358	392657.6691
2830	3.149068453	335563.823
2830	3.199453548	392693.8546
2830	3.249838643	392702.2724
2830	3.300223739	335600.9704
2830	3.350608834	335610.8294
2830	3.400993929	392756.9345
2830	3.451379024	392763.9909
2830	3.50176412	392770.7558
2830	3.552149215	335652.8829
2830	3.60253431	335660.8672
2830	3.652919405	335668.5372
2830	3.703304501	335675.9093
2830	3.753689596	335683.0175
2830	3.804074691	338489.3113
2830	3.854459786	338495.8777
2830	3.904844882	338502.2027
2830	3.955229977	338508.7426
2830	4.005615072	338514.1773
2830	4.056000167	338520.2408
2830	4.106385263	338525.6823
2830	4.156770358	338531.0586
2830	4.207155453	338536.1155
2830	4.257540548	338540.8456
2830	4.307925643	338545.6111
2830	4.358310739	338550.2177
2830	4.408695834	338554.6812
2830	4.459080929	338558.9941
2830	4.509466024	338563.1701
2830	4.55985112	338567.2078
2830	4.610236215	338571.1344
2830	4.66062131	338574.9337
2830	4.711006405	338578.618
2830	4.761391501	338582.1924
2830	4.811776596	338585.6613
2830	4.862161691	338589.0294
2830	4.912546786	338592.3008
2830	4.962931882	338595.4797
2830	5.013316977	342760.4467
2840	1.990211262	330325.3971
2840	2.040596357	396301.9498
2840	2.090981453	334858.4205
2840	2.141366548	334901.181
2840	2.191751643	392033.8016
2840	2.242136738	335134.8781
2840	2.292521834	335168.0769
2840	2.342906929	392192.7111
2840	2.393292024	392214.9634
2840	2.443677119	410699.2573
2840	2.494062215	338234.6392
2840	2.54444731	332553.5723
2840	2.594832405	392389.8592
2840	2.6452175	335375.3507
2840	2.695602596	392452.1862
2840	2.745987691	392466.3044
2840	2.796372786	392479.6377
2840	2.846757881	335456.3548
2840	2.897142977	343511.4062
2840	2.947528072	412820.8392
2840	2.997913167	337373.263
2840	3.048298262	394488.6246
2840	3.098683358	361707.6282
2840	3.149068453	373855.9411
2840	3.199453548	326863.3622
2840	3.249838643	326874.208
2840	3.300223739	341209.3605
2840	3.350608834	408571.1088
2840	3.400993929	408578.5209
2840	3.451379024	327498.9541
2840	3.50176412	327507.6805
2840	3.552149215	327516.0543
2840	3.60253431	334994.9602
2840	3.652919405	404348.5851
2840	3.703304501	326966.5185
2840	3.753689596	384130.0977
2840	3.804074691	384135.466
2840	3.854459786	420839.5697
2840	3.904844882	420845.9521
2840	3.955229977	420852.5629
2840	4.005615072	420858.0414
2840	4.056000167	420864.1745
2840	4.106385263	420869.6842
2840	4.156770358	420875.1284
2840	4.207155453	420880.2524
2840	4.257540548	420884.9953
2840	4.307925643	420889.8176
2840	4.358310739	420894.481
2840	4.408695834	420899.0013
2840	4.459080929	420903.371
2840	4.509466024	420907.6037
2840	4.55985112	420911.6979
2840	4.610236215	420915.6812
2840	4.66062131	420919.537
2840	4.711006405	420923.2779
2840	4.761391501	420926.9086
2840	4.811776596	420930.434
2840	4.862161691	420933.8583
2840	4.912546786	420937.186
2840	4.962931882	420940.421
2840	5.013316977	334669.2466
2850	1.990211262	395942.1574
2850	2.040596357	334497.12
2850	2.090981453	391616.6546
2850	2.141366548	334764.6038
2850	2.191751643	334803.8392
2850	2.242136738	391805.3243
2850	2.292521834	334889.7574
2850	2.342906929	334920.5529
2850	2.393292024	391952.4401
2850	2.443677119	334988.7434
2850	2.494062215	335013.573
2850	2.54444731	343065.0206
2850	2.594832405	412346.0298
2850	2.6452175	412361.995
2850	2.695602596	412377.0223
2850	2.745987691	412391.1924
2850	2.796372786	412404.5769
2850	2.846757881	412417.2392
2850	2.897142977	337058.3468
2850	2.947528072	394162.1506
2850	2.997913167	335224.1515
2850	3.048298262	335237.33
2850	3.098683358	335249.8797
2850	3.149068453	392376.0056
2850	3.199453548	335280.4914
2850	3.249838643	392410.8921
2850	3.300223739	392419.03
2850	3.350608834	432464.496
2850	3.400993929	327175.828
2850	3.451379024	327184.9867
2850	3.50176412	389003.7482
2850	3.552149215	331875.6864
2850	3.60253431	339934.1447
2850	3.652919405	327225.7435
2850	3.703304501	327233.2306
2850	3.753689596	394044.9077
2850	3.804074691	331918.6395
2850	3.854459786	334728.9538
2850	3.904844882	334735.3931
2850	3.955229977	334742.0744
2850	4.005615072	334747.5961
2850	4.056000167	334753.7986
2850	4.106385263	334759.3761
2850	4.156770358	334764.5774
2850	4.207155453	334769.7916
2850	4.257540548	334774.8329
2850	4.307925643	334779.712
2850	4.358310739	334784.4318
2850	4.408695834	334789.0083
2850	4.459080929	334793.4343
2850	4.509466024	334797.7231
2850	4.55985112	334802.0244
2850	4.610236215	334805.9077
2850	4.66062131	334809.8247
2850	4.711006405	334813.6215
2850	4.761391501	334817.3082
2850	4.811776596	334820.8893
2850	4.862161691	334824.3695
2850	4.912546786	334827.7528
2850	4.962931882	334831.0435
2850	5.013316977	336229.3466
2860	1.990211262	392450.3594
2860	2.040596357	331004.3261
2860	2.090981453	331051.461
2860	2.141366548	331094.3891
2860	2.191751643	331133.7019
2860	2.242136738	388309.4572
2860	2.292521834	388335.4868
2860	2.342906929	388359.5803
2860	2.393292024	331464.8731
2860	2.443677119	331491.553
2860	2.494062215	331516.454
2860	2.54444731	394981.1841
2860	2.594832405	331600.3698
2860	2.6452175	339653.6244
2860	2.695602596	408913.6882
2860	2.745987691	432250.5144
2860	2.796372786	326980.6657
2860	2.846757881	388753.7575
2860	2.897142977	331699.0315
2860	2.947528072	339753.8066
2860	2.997913167	409063.9352
2860	3.048298262	331747.0077
2860	3.098683358	331759.6184
2860	3.149068453	331771.6427
2860	3.199453548	388899.938
2860	3.249838643	432427.6097
2860	3.300223739	324027.9536
2860	3.350608834	390815.9455
2860	3.400993929	432466.2711
2860	3.451379024	409219.6858
2860	3.50176412	331856.2627
2860	3.552149215	389005.5012
2860	3.60253431	432510.7667
2860	3.652919405	324104.0528
2860	3.703304501	324111.5523
2860	3.753689596	322251.9964
2860	3.804074691	339955.5825
2860	3.854459786	324132.5626
2860	3.904844882	326948.1165
2860	3.955229977	326954.8678
2860	4.005615072	326960.4323
2860	4.056000167	326966.7038
2860	4.106385263	326972.3486
2860	4.156770358	326977.5826
2860	4.207155453	326982.8527
2860	4.257540548	326987.9501
2860	4.307925643	326992.8851
2860	4.358310739	326997.6607
2860	4.408695834	327002.2931
2860	4.459080929	327006.7747
2860	4.509466024	327011.1192
2860	4.55985112	327015.485
2860	4.610236215	327019.415
2860	4.66062131	327023.3875
2860	4.711006405	327027.2398
2860	4.761391501	327030.9818
2860	4.811776596	327034.6183
2860	4.862161691	327038.1536
2860	4.912546786	327041.5922
2860	4.962931882	327044.9379
2860	5.013316977	326567.2647
2870	1.990211262	392446.0614
2870	2.040596357	392486.5707
2870	2.090981453	331082.8349
2870	2.141366548	331125.8422
2870	2.191751643	331165.2318
2870	2.242136738	388312.6406
2870	2.292521834	388338.7291
2870	2.342906929	331437.5918
2870	2.393292024	388460.4443
2870	2.443677119	331501.4476
2870	2.494062215	394942.7795
2870	2.54444731	331569.1572
2870	2.594832405	331591.0693
2870	2.6452175	388646.1407
2870	2.695602596	331628.1729
2870	2.745987691	331646.4605
2870	2.796372786	388732.5537
2870	2.846757881	432299.4227
2870	2.897142977	323912.2688
2870	2.947528072	390672.4262
2870	2.997913167	333605.355
2870	3.048298262	339793.5841
2870	3.098683358	339806.2553
2870	3.149068453	409128.2328
2870	3.199453548	333662.248
2870	3.249838643	390789.1197
2870	3.300223739	333686.9821
2870	3.350608834	390821.3396
2870	3.400993929	390828.8886
2870	3.451379024	333720.276
2870	3.50176412	333729.1761
2870	3.552149215	339919.4935
2870	3.60253431	379154.9176
2870	3.652919405	396125.4575
2870	3.703304501	430777.8664
2870	3.753689596	407541.0338
2870	3.804074691	430796.2397
2870	3.854459786	319186.7712
2870	3.904844882	330442.706
2870	3.955229977	330449.5271
2870	4.005615072	330455.1338
2870	4.056000167	330461.4738
2870	4.106385263	330467.1856
2870	4.156770358	330472.5639
2870	4.207155453	330477.7776
2870	4.257540548	330482.9302
2870	4.307925643	330487.9207
2870	4.358310739	330492.7517
2870	4.408695834	330497.4325
2870	4.459080929	330501.9763
2870	4.509466024	330506.376
2870	4.55985112	330510.8057
2870	4.610236215	330514.7819
2870	4.66062131	330518.8094
2870	4.711006405	330522.7166
2870	4.761391501	330526.5135
2870	4.811776596	330530.2047
2870	4.862161691	330533.7948
2870	4.912546786	330537.288
2870	4.962931882	330540.6883
2870	5.013316977	330060.5728
2880	1.990211262	395909.2475
2880	2.040596357	334461.2253
2880	2.090981453	334508.4564
2880	2.141366548	334551.6019
2880	2.191751643	334591.0677
2880	2.242136738	342634.1508
2880	2.292521834	412057.8867
2880	2.342906929	412082.0959
2880	2.393292024	412104.5776
2880	2.443677119	412125.5127
2880	2.494062215	336850.5587
2880	2.54444731	336873.9942
2880	2.594832405	335029.1383
2880	2.6452175	335049.7969
2880	2.695602596	392128.4143
2880	2.745987691	335103.1146
2880	2.796372786	343156.5187
2880	2.846757881	412451.4827
2880	2.897142977	335159.7453
2880	2.947528072	343213.9763
2880	2.997913167	412521.0332
2880	3.048298262	337074.9801
2880	3.098683358	394187.5019
2880	3.149068453	335236.6796
2880	3.199453548	392357.7747
2880	3.249838643	392366.4249
2880	3.300223739	335274.8469
2880	3.350608834	335284.9998
2880	3.400993929	392422.6625
2880	3.451379024	392429.946
2880	3.50176412	432468.7235
2880	3.552149215	327178.0942
2880	3.60253431	322205.9113
2880	3.652919405	339910.4593
2880	3.703304501	327201.9736
2880	3.753689596	354889.154
2880	3.804074691	361903.6559
2880	3.854459786	380640.634
2880	3.904844882	308935.8346
2880	3.955229977	315396.8202
2880	4.005615072	315403.324
2880	4.056000167	315408.9366
2880	4.106385263	315414.9212
2880	4.156770358	315420.4824
2880	4.207155453	315425.8626
2880	4.257540548	315431.0705
2880	4.307925643	315436.1159
2880	4.358310739	315441.0018
2880	4.408695834	315445.7374
2880	4.459080929	315450.336
2880	4.509466024	315454.7904
2880	4.55985112	315459.2836
2880	4.610236215	315463.3055
2880	4.66062131	315467.3875
2880	4.711006405	315471.3491
2880	4.761391501	315475.2004
2880	4.811776596	315478.9459
2880	4.862161691	315482.5901
2880	4.912546786	315486.1374
2880	4.962931882	315489.5917
2880	5.013316977	315000.4428
2890	1.990211262	327682.5597
2890	2.040596357	418401.3554
2890	2.090981453	336666.0335
2890	2.141366548	342852.1885
2890	2.191751643	327061.9725
2890	2.242136738	325231.5099
2890	2.292521834	325265.0855
2890	2.342906929	392124.4168
2890	2.393292024	335184.9218
2890	2.443677119	392212.7398
2890	2.494062215	410695.7873
2890	2.54444731	338207.7253
2890	2.594832405	398721.2006
2890	2.6452175	392340.4715
2890	2.695602596	435946.4202
2890	2.745987691	412657.8127
2890	2.796372786	335384.5184
2890	2.846757881	343437.9128
2890	2.897142977	412735.5229
2890	2.947528072	380457.1297
2890	2.997913167	319157.5394
2890	3.048298262	316527.7178
2890	3.098683358	388860.5055
2890	3.149068453	331778.4876
2890	3.199453548	331790.1423
2890	3.249838643	388915.1973
2890	3.300223739	388923.5182
2890	3.350608834	388931.4873
2890	3.400993929	331839.7807
2890	3.451379024	331849.1698
2890	3.50176412	331858.1838
2890	3.552149215	389005.2176
2890	3.60253431	331880.3394
2890	3.652919405	331888.3496
2890	3.703304501	389042.6572
2890	3.753689596	331906.8816
2890	3.804074691	331914.04
2890	3.854459786	331920.9021
2890	3.904844882	331927.5646
2890	3.955229977	389096.4021
2890	4.005615072	421088.3018
2890	4.056000167	421093.9542
2890	4.106385263	421099.984
2890	4.156770358	421105.7636
2890	4.207155453	421111.2195
2890	4.257540548	421116.2975
2890	4.307925643	421121.3972
2890	4.358310739	421126.3375
2890	4.408695834	421131.1275
2890	4.459080929	421135.7804
2890	4.509466024	421140.289
2890	4.55985112	421144.8453
2890	4.610236215	421148.9184
2890	4.66062131	421153.0483
2890	4.711006405	421157.0638
2890	4.761391501	421160.9689
2890	4.811776596	421164.7682
2890	4.862161691	421168.4661
2890	4.912546786	421172.0669
2890	4.962931882	421175.5747
2890	5.013316977	404189.5456
2900	1.990211262	334590.8242
2900	2.040596357	342645.1683
2900	2.090981453	418446.6196
2900	2.141366548	334844.2708
2900	2.191751643	334883.8875
2900	2.242136738	342932.7864
2900	2.292521834	412316.6285
2900	2.342906929	337021.2718
2900	2.393292024	337050.2211
2900	2.443677119	335210.3503
2900	2.494062215	335235.5325
2900	2.54444731	335259.1055
2900	2.594832405	398743.924
2900	2.6452175	335361.1683
2900	2.695602596	335380.7536
2900	2.745987691	335399.236
2900	2.796372786	392445.3587
2900	2.846757881	335406.9588
2900	2.897142977	335422.6443
2900	2.947528072	392519.2586
2900	2.997913167	335458.3111
2900	3.048298262	335471.7937
2900	3.098683358	335484.6447
2900	3.149068453	392601.8087
2900	3.199453548	392610.9506
2900	3.249838643	392619.6917
2900	3.300223739	335541.154
2900	3.350608834	335551.422
2900	3.400993929	392685.7051
2900	3.451379024	392693.0772
2900	3.50176412	335585.4323
2900	3.552149215	335594.1486
2900	3.60253431	392741.1956
2900	3.652919405	335614.2674
2900	3.703304501	343672.0904
2900	3.753689596	327849.8358
2900	3.804074691	350125.4248
2900	3.854459786	374002.372
2900	3.904844882	372140.7773
2900	3.955229977	326970.7829
2900	4.005615072	338233.5093
2900	4.056000167	338239.1995
2900	4.106385263	338245.2841
2900	4.156770358	338251.1295
2900	4.207155453	338256.6502
2900	4.257540548	338261.7604
2900	4.307925643	338266.9141
2900	4.358310739	338271.9083
2900	4.408695834	338276.7522
2900	4.459080929	338281.459
2900	4.509466024	338286.0213
2900	4.55985112	338290.6403
2900	4.610236215	338294.758
2900	4.66062131	338298.9414
2900	4.711006405	338303.0104
2900	4.761391501	338306.9688
2900	4.811776596	338310.8213
2900	4.862161691	338314.5724
2900	4.912546786	338318.2263
2900	4.962931882	338321.7871
2900	5.013316977	403931.6295
2910	1.990211262	403976.5092
2910	2.040596357	404017.2533
2910	2.090981453	404054.2874
2910	2.141366548	334579.9587
2910	2.191751643	342631.6993
2910	2.242136738	411995.6887
2910	2.292521834	334853.5207
2910	2.342906929	334884.7578
2910	2.393292024	391903.6389
2910	2.443677119	334953.9978
2910	2.494062215	334979.2491
2910	2.54444731	335002.8902
2910	2.594832405	398464.4841
2910	2.6452175	410556.9255
2910	2.695602596	338006.0621
2910	2.745987691	338024.6086
2910	2.796372786	397883.2828
2910	2.846757881	435751.6921
2910	2.897142977	330479.7553
2910	2.947528072	392253.245
2910	2.997913167	435809.4248
2910	3.048298262	435822.9671
2910	3.098683358	330545.1075
2910	3.149068453	392336.1602
2910	3.199453548	335252.3142
2910	3.249838643	392372.1296
2910	3.300223739	335277.5784
2910	3.350608834	349612.0188
2910	3.400993929	330947.9907
2910	3.451379024	393013.8786
2910	3.50176412	335900.6853
2910	3.552149215	335909.4573
2910	3.60253431	335917.8948
2910	3.652919405	393067.5406
2910	3.703304501	393073.6453
2910	3.753689596	335947.3265
2910	3.804074691	335954.5947
2910	3.854459786	335961.6075
2910	3.904844882	335968.3778
2910	3.955229977	335974.9178
2910	4.005615072	393144.496
2910	4.056000167	420843.3493
2910	4.106385263	420849.488
2910	4.156770358	420855.3987
2910	4.207155453	420860.9839
2910	4.257540548	420866.1256
2910	4.307925643	420871.3329
2910	4.358310739	420876.3807
2910	4.408695834	420881.278
2910	4.459080929	420886.0382
2910	4.509466024	420890.6538
2910	4.55985112	420895.1319
2910	4.610236215	420899.4959
2910	4.66062131	420903.7332
2910	4.711006405	420907.8551
2910	4.761391501	420911.8664
2910	4.811776596	420915.7717
2910	4.862161691	420919.5755
2910	4.912546786	420923.2819
2910	4.962931882	420926.8951
2910	5.013316977	339678.2173
2920	1.990211262	339735.7909
2920	2.040596357	334716.2317
2920	2.090981453	334763.7571
2920	2.141366548	334807.222
2920	2.191751643	342900.5386
2920	2.242136738	327107.3771
2920	2.292521834	325274.3362
2920	2.342906929	325305.6452
2920	2.393292024	325334.7368
2920	2.443677119	391934.9867
2920	2.494062215	334973.9125
2920	2.54444731	343024.9979
2920	2.594832405	327217.49
2920	2.6452175	343068.1711
2920	2.695602596	330371.745
2920	2.745987691	325409.9026
2920	2.796372786	392168.3387
2920	2.846757881	392181.3464
2920	2.897142977	392193.6846
2920	2.947528072	392205.4043
2920	2.997913167	392216.5514
2920	3.048298262	335201.537
2920	3.098683358	335214.5059
2920	3.149068453	343267.9528
2920	3.199453548	412585.7647
2920	3.249838643	412594.5957
2920	3.300223739	337136.4093
2920	3.350608834	337146.7908
2920	3.400993929	394277.6932
2920	3.451379024	337170.6786
2920	3.50176412	394306.8961
2920	3.552149215	394313.7857
2920	3.60253431	337201.0477
2920	3.652919405	394346.5908
2920	3.703304501	337219.4386
2920	3.753689596	337227.0512
2920	3.804074691	337234.3738
2920	3.854459786	343424.6406
2920	3.904844882	330715.3239
2920	3.955229977	354919.4461
2920	4.005615072	375246.4099
2920	4.056000167	404477.3114
2920	4.106385263	404483.6584
2920	4.156770358	404489.3623
2920	4.207155453	404495.0129
2920	4.257540548	404500.2639
2920	4.307925643	404505.5244
2920	4.358310739	404510.6253
2920	4.408695834	404515.5757
2920	4.459080929	404520.3887
2920	4.509466024	404525.0572
2920	4.55985112	404529.5879
2920	4.610236215	404533.9974
2920	4.66062131	404538.2945
2920	4.711006405	404542.4689
2920	4.761391501	404546.5325
2920	4.811776596	404550.4901
2920	4.862161691	404554.346
2920	4.912546786	404558.1045
2920	4.962931882	404561.7697
2920	5.013316977	339923.5549
2930	1.990211262	396098.7153
2930	2.040596357	436867.4445
2930	2.090981453	436915.044
2930	2.141366548	330025.4675
2930	2.191751643	325084.8534
2930	2.242136738	391948.6824
2930	2.292521834	435624.8734
2930	2.342906929	412293.4958
2930	2.393292024	412316.256
2930	2.443677119	412337.4654
2930	2.494062215	337049.5456
2930	2.54444731	335206.4853
2930	2.594832405	412405.231
2930	2.6452175	338191.9746
2930	2.695602596	398022.6841
2930	2.745987691	341008.2114
2930	2.796372786	398079.7642
2930	2.846757881	341047.6965
2930	2.897142977	398130.8923
2930	2.947528072	398142.659
2930	2.997913167	341099.6722
2930	3.048298262	341113.333
2930	3.098683358	398218.7139
2930	3.149068453	341144.5533
2930	3.199453548	341156.44
2930	3.249838643	398274.4732
2930	3.300223739	398282.9724
2930	3.350608834	341195.6743
2930	3.400993929	398323.3585
2930	3.451379024	398330.8616
2930	3.50176412	398338.071
2930	3.552149215	335534.7115
2930	3.60253431	335543.2589
2930	3.652919405	335551.4895
2930	3.703304501	335559.4204
2930	3.753689596	335567.0872
2930	3.804074691	335574.4638
2930	3.854459786	392735.2521
2930	3.904844882	335596.2839
2930	3.955229977	392756.2648
2930	4.005615072	392761.6023
2930	4.056000167	335618.4369
2930	4.106385263	338451.4628
2930	4.156770358	338457.5019
2930	4.207155453	338462.9042
2930	4.257540548	338468.3811
2930	4.307925643	338473.4885
2930	4.358310739	338478.8546
2930	4.408695834	338483.8511
2930	4.459080929	338488.7167
2930	4.509466024	338493.4375
2930	4.55985112	338498.0205
2930	4.610236215	338502.4821
2930	4.66062131	338506.8314
2930	4.711006405	338511.0577
2930	4.761391501	338515.1732
2930	4.811776596	338519.1826
2930	4.862161691	338523.0902
2930	4.912546786	338526.9003
2930	4.962931882	338530.617
2930	5.013316977	382753.5223
2940	1.990211262	473419.8314
2940	2.040596357	473460.7465
2940	2.090981453	487344.6754
2940	2.141366548	462470.1554
2940	2.191751643	386039.594
2940	2.242136738	443014.7536
2940	2.292521834	386121.0278
2940	2.342906929	384285.6428
2940	2.393292024	384314.8748
2940	2.443677119	384342.1188
2940	2.494062215	392386.2698
2940	2.54444731	461660.1968
2940	2.594832405	384437.8108
2940	2.6452175	447879.3744
2940	2.695602596	459971.6777
2940	2.745987691	426052.0802
2940	2.796372786	426065.9119
2940	2.846757881	390250.1697
2940	2.897142977	447331.447
2940	2.947528072	384581.604
2940	2.997913167	384596.0053
2940	3.048298262	384609.7248
2940	3.098683358	384622.8102
2940	3.149068453	384635.3051
2940	3.199453548	441753.5898
2940	3.249838643	441762.5095
2940	3.300223739	384682.5586
2940	3.350608834	384693.0521
2940	3.400993929	441820.5731
2940	3.451379024	384717.2094
2940	3.50176412	384726.5016
2940	3.552149215	384735.4386
2940	3.60253431	441877.4194
2940	3.652919405	384757.4453
2940	3.703304501	384765.4302
2940	3.753689596	384773.151
2940	3.804074691	389156.3169
2940	3.854459786	342986.3661
2940	3.904844882	342993.2974
2940	3.955229977	351048.9471
2940	4.005615072	335226.0947
2940	4.056000167	333365.1082
2940	4.106385263	333371.4064
2940	4.156770358	344644.5331
2940	4.207155453	344650.0109
2940	4.257540548	344655.5387
2940	4.307925643	344660.8681
2940	4.358310739	344666.076
2940	4.408695834	344671.131
2940	4.459080929	344676.0486
2940	4.509466024	344680.8213
2940	4.55985112	344685.4561
2940	4.610236215	344689.9695
2940	4.66062131	344694.3704
2940	4.711006405	344698.6483
2940	4.761391501	344702.8153
2940	4.811776596	344706.8759
2940	4.862161691	344710.8348
2940	4.912546786	344714.696
2940	4.962931882	344718.4636
2940	5.013316977	436403.4503
2950	1.990211262	370906.5975
2950	2.040596357	373525.1509
2950	2.090981453	451559.5731
2950	2.141366548	443075.6837
2950	2.191751643	443106.8991
2950	2.242136738	443135.6311
2950	2.292521834	463190.1664
2950	2.342906929	463221.6883
2950	2.393292024	354868.7544
2950	2.443677119	421571.2019
2950	2.494062215	463336.8952
2950	2.54444731	440023.6146
2950	2.594832405	444567.5313
2950	2.6452175	463429.0882
2950	2.695602596	446516.7871
2950	2.745987691	440138.2259
2950	2.796372786	362892.6129
2950	2.846757881	370944.3318
2950	2.897142977	358244.1812
2950	2.947528072	420015.1223
2950	2.997913167	362964.3436
2950	3.048298262	420059.3132
2950	3.098683358	362995.2258
2950	3.149068453	395689.1437
2950	3.199453548	403554.8784
2950	3.249838643	403563.842
2950	3.300223739	403572.4288
2950	3.350608834	363094.2624
2950	3.400993929	363104.3861
2950	3.451379024	363114.1098
2950	3.50176412	420248.258
2950	3.552149215	363138.023
2950	3.60253431	363146.6788
2950	3.652919405	363155.0174
2950	3.703304501	371210.577
2950	3.753689596	440554.4781
2950	3.804074691	363184.177
2950	3.854459786	420336.1546
2950	3.904844882	363200.452
2950	3.955229977	395826.5108
2950	4.005615072	350670.3008
2950	4.056000167	347992.5279
2950	4.106385263	347998.8789
2950	4.156770358	354477.0078
2950	4.207155453	354482.5261
2950	4.257540548	354488.106
2950	4.307925643	354493.3357
2950	4.358310739	354498.7779
2950	4.408695834	354503.8836
2950	4.459080929	354508.815
2950	4.509466024	354513.6458
2950	4.55985112	354518.338
2950	4.610236215	354522.8966
2950	4.66062131	354527.3487
2950	4.711006405	354531.6777
2950	4.761391501	354535.8956
2950	4.811776596	354540.0071
2950	4.862161691	354544.0167
2950	4.912546786	354547.9285
2950	4.962931882	354551.7467
2950	5.013316977	436660.8524
2960	1.990211262	371165.2922
2960	2.040596357	371217.8586
2960	2.090981453	366285.224
2960	2.141366548	366328.9788
2960	2.191751643	366369.0483
2960	2.242136738	366405.9332
2960	2.292521834	366440.0149
2960	2.342906929	423339.9151
2960	2.393292024	366416.9048
2960	2.443677119	366444.2855
2960	2.494062215	366469.8765
2960	2.54444731	366493.852
2960	2.594832405	366516.3642
2960	2.6452175	366537.5465
2960	2.695602596	366557.5166
2960	2.745987691	366576.3783
2960	2.796372786	423665.8858
2960	2.846757881	366640.1292
2960	2.897142977	423717.5731
2960	2.947528072	366676.0586
2960	2.997913167	423764.1948
2960	3.048298262	366708.5899
2960	3.098683358	366721.7906
2960	3.149068453	366734.3997
2960	3.199453548	366746.4566
2960	3.249838643	423863.0185
2960	3.300223739	423871.6487
2960	3.350608834	366790.0821
2960	3.400993929	374844.8912
2960	3.451379024	362138.5282
2960	3.50176412	374864.0703
2960	3.552149215	359043.3582
2960	3.60253431	359052.0677
2960	3.652919405	357193.6233
2960	3.703304501	357201.715
2960	3.753689596	357209.5425
2960	3.804074691	357217.0787
2960	3.854459786	357224.3586
2960	3.904844882	424041.9425
2960	3.955229977	366904.7363
2960	4.005615072	366911.7727
2960	4.056000167	424072.9677
2960	4.106385263	467566.6114
2960	4.156770358	359155.9474
2960	4.207155453	361998.3098
2960	4.257540548	362003.8975
2960	4.307925643	362009.1622
2960	4.358310739	362014.4716
2960	4.408695834	362019.6281
2960	4.459080929	362024.6471
2960	4.509466024	362029.521
2960	4.55985112	362034.2628
2960	4.610236215	362038.8455
2960	4.66062131	362043.3467
2960	4.711006405	362047.7263
2960	4.761391501	362051.9947
2960	4.811776596	362056.1566
2960	4.862161691	362060.2165
2960	4.912546786	362064.1785
2960	4.962931882	362068.0467
2960	5.013316977	430410.6475
2970	1.990211262	466351.1808
2970	2.040596357	466403.8179
2970	2.090981453	358312.5609
2970	2.141366548	429634.2822
2970	2.191751643	425009.4951
2970	2.242136738	425038.3382
2970	2.292521834	425064.9929
2970	2.342906929	368250.988
2970	2.393292024	366413.5909
2970	2.443677119	366441.0392
2970	2.494062215	366466.6969
2970	2.54444731	423507.1979
2970	2.594832405	366532.7081
2970	2.6452175	429972.0161
2970	2.695602596	429987.6513
2970	2.745987691	366616.8258
2970	2.796372786	366634.7324
2970	2.846757881	366651.704
2970	2.897142977	366667.814
2970	2.947528072	366683.1281
2970	2.997913167	366697.7052
2970	3.048298262	366711.5986
2970	3.098683358	366724.8564
2970	3.149068453	423826.4887
2970	3.199453548	467372.5526
2970	3.249838643	444104.7032
2970	3.300223739	366780.2985
2970	3.350608834	366790.9576
2970	3.400993929	366801.1907
2970	3.451379024	366811.023
2970	3.50176412	423943.4464
2970	3.552149215	366836.7719
2970	3.60253431	423971.2458
2970	3.652919405	387850.4796
2970	3.703304501	347932.5508
2970	3.753689596	347940.4312
2970	3.804074691	420359.3193
2970	3.854459786	363230.1576
2970	3.904844882	395819.2483
2970	3.955229977	350656.8009
2970	4.005615072	391865.9142
2970	4.056000167	343014.5994
2970	4.106385263	415397.507
2970	4.156770358	458890.3895
2970	4.207155453	450351.7251
2970	4.257540548	450357.374
2970	4.307925643	450362.6459
2970	4.358310739	450368.0062
2970	4.408695834	450373.2135
2970	4.459080929	450378.2833
2970	4.509466024	450383.2078
2970	4.55985112	450388.0001
2970	4.610236215	450392.6585
2970	4.66062131	450397.2104
2970	4.711006405	450401.6389
2970	4.761391501	450405.9561
2970	4.811776596	450410.1668
2970	4.862161691	450414.2753
2970	4.912546786	450418.2858
2970	4.962931882	450422.2023
2970	5.013316977	440833.6
