-5	-5	1.274434644
-5	-4.795918367	1.286869708
-5	-4.591836735	1.293611461
-5	-4.387755102	1.294509794
-5	-4.183673469	1.289536507
-5	-3.979591837	1.278785898
-5	-3.775510204	1.262472797
-5	-3.571428571	1.240928105
-5	-3.367346939	1.214591911
-5	-3.163265306	1.184004348
-5	-2.959183673	1.14979436
-5	-2.755102041	1.112666628
-5	-2.551020408	1.073386924
-5	-2.346938776	1.032766187
-5	-2.142857143	0.991643668
-5	-1.93877551	0.950869483
-5	-1.734693878	0.911286938
-5	-1.530612245	0.873715
-5	-1.326530612	0.838931272
-5	-1.12244898	0.807655826
-5	-0.918367347	0.780536237
-5	-0.714285714	0.758134115
-5	-0.510204082	0.740913437
-5	-0.306122449	0.729230898
-5	-0.102040816	0.723328493
-5	0.102040816	0.723328493
-5	0.306122449	0.729230898
-5	0.510204082	0.740913437
-5	0.714285714	0.758134115
-5	0.918367347	0.780536237
-5	1.12244898	0.807655826
-5	1.326530612	0.838931272
-5	1.530612245	0.873715
-5	1.734693878	0.911286938
-5	1.93877551	0.950869483
-5	2.142857143	0.991643668
-5	2.346938776	1.032766187
-5	2.551020408	1.073386924
-5	2.755102041	1.112666628
-5	2.959183673	1.14979436
-5	3.163265306	1.184004348
-5	3.367346939	1.214591911
-5	3.571428571	1.240928105
-5	3.775510204	1.262472797
-5	3.979591837	1.278785898
-5	4.183673469	1.289536507
-5	4.387755102	1.294509794
-5	4.591836735	1.293611461
-5	4.795918367	1.286869708
-5	5	1.274434644
-4.795918367	-5	1.089041872
-4.795918367	-4.795918367	1.092346551
-4.795918367	-4.591836735	1.093991382
-4.795918367	-4.387755102	1.093932214
-4.795918367	-4.183673469	1.092160752
-4.795918367	-3.979591837	1.088704731
-4.795918367	-3.775510204	1.08362734
-4.795918367	-3.571428571	1.077025903
-4.795918367	-3.367346939	1.069029864
-4.795918367	-3.163265306	1.059798087
-4.795918367	-2.959183673	1.049515563
-4.795918367	-2.755102041	1.038389555
-4.795918367	-2.551020408	1.026645297
-4.795918367	-2.346938776	1.014521306
-4.795918367	-2.142857143	1.002264428
-4.795918367	-1.93877551	0.990124704
-4.795918367	-1.734693878	0.978350171
-4.795918367	-1.530612245	0.967181708
-4.795918367	-1.326530612	0.956848029
-4.795918367	-1.12244898	0.947560925
-4.795918367	-0.918367347	0.939510864
-4.795918367	-0.714285714	0.93286303
-4.795918367	-0.510204082	0.92775389
-4.795918367	-0.306122449	0.924288358
-4.795918367	-0.102040816	0.92253761
-4.795918367	0.102040816	0.92253761
-4.795918367	0.306122449	0.924288358
-4.795918367	0.510204082	0.92775389
-4.795918367	0.714285714	0.93286303
-4.795918367	0.918367347	0.939510864
-4.795918367	1.12244898	0.947560925
-4.795918367	1.326530612	0.956848029
-4.795918367	1.530612245	0.967181708
-4.795918367	1.734693878	0.978350171
-4.795918367	1.93877551	0.990124704
-4.795918367	2.142857143	1.002264428
-4.795918367	2.346938776	1.014521306
-4.795918367	2.551020408	1.026645297
-4.795918367	2.755102041	1.038389555
-4.795918367	2.959183673	1.049515563
-4.795918367	3.163265306	1.059798087
-4.795918367	3.367346939	1.069029864
-4.795918367	3.571428571	1.077025903
-4.795918367	3.775510204	1.08362734
-4.795918367	3.979591837	1.088704731
-4.795918367	4.183673469	1.092160752
-4.795918367	4.387755102	1.093932214
-4.795918367	4.591836735	1.093991382
-4.795918367	4.795918367	1.092346551
-4.795918367	5	1.089041872
-4.591836735	-5	0.900472313
-4.591836735	-4.795918367	0.894488703
-4.591836735	-4.591836735	0.890948464
-4.591836735	-4.387755102	0.889915235
-4.591836735	-4.183673469	0.891400971
-4.591836735	-3.979591837	0.895365695
-4.591836735	-3.775510204	0.901718328
-4.591836735	-3.571428571	0.910318581
-4.591836735	-3.367346939	0.920979877
-4.591836735	-3.163265306	0.933473223
-4.591836735	-2.959183673	0.947531973
-4.591836735	-2.755102041	0.962857373
-4.591836735	-2.551020408	0.97912477
-4.591836735	-2.346938776	0.995990359
-4.591836735	-2.142857143	1.013098336
-4.591836735	-1.93877551	1.030088288
-4.591836735	-1.734693878	1.04660269
-4.591836735	-1.530612245	1.062294335
-4.591836735	-1.326530612	1.076833553
-4.591836735	-1.12244898	1.089915065
-4.591836735	-0.918367347	1.101264328
-4.591836735	-0.714285714	1.110643242
-4.591836735	-0.510204082	1.117855102
-4.591836735	-0.306122449	1.122748685
-4.591836735	-0.102040816	1.125221395
-4.591836735	0.102040816	1.125221395
-4.591836735	0.306122449	1.122748685
-4.591836735	0.510204082	1.117855102
-4.591836735	0.714285714	1.110643242
-4.591836735	0.918367347	1.101264328
-4.591836735	1.12244898	1.089915065
-4.591836735	1.326530612	1.076833553
-4.591836735	1.530612245	1.062294335
-4.591836735	1.734693878	1.04660269
-4.591836735	1.93877551	1.030088288
-4.591836735	2.142857143	1.013098336
-4.591836735	2.346938776	0.995990359
-4.591836735	2.551020408	0.97912477
-4.591836735	2.755102041	0.962857373
-4.591836735	2.959183673	0.947531973
-4.591836735	3.163265306	0.933473223
-4.591836735	3.367346939	0.920979877
-4.591836735	3.571428571	0.910318581
-4.591836735	3.775510204	0.901718328
-4.591836735	3.979591837	0.895365695
-4.591836735	4.183673469	0.891400971
-4.591836735	4.387755102	0.889915235
-4.591836735	4.591836735	0.890948464
-4.591836735	4.795918367	0.894488703
-4.591836735	5	0.900472313
-4.387755102	-5	0.71653266
-4.387755102	-4.795918367	0.701488367
-4.387755102	-4.591836735	0.692890116
-4.387755102	-4.387755102	0.690906695
-4.387755102	-4.183673469	0.695569813
-4.387755102	-3.979591837	0.706773439
-4.387755102	-3.775510204	0.724276008
-4.387755102	-3.571428571	0.74770544
-4.387755102	-3.367346939	0.776566882
-4.387755102	-3.163265306	0.810252984
-4.387755102	-2.959183673	0.848056536
-4.387755102	-2.755102041	0.889185163
-4.387755102	-2.551020408	0.932777801
-4.387755102	-2.346938776	0.977922594
-4.387755102	-2.142857143	1.023675852
-4.387755102	-1.93877551	1.06908167
-4.387755102	-1.734693878	1.113191798
-4.387755102	-1.530612245	1.155085354
-4.387755102	-1.326530612	1.19388797
-4.387755102	-1.12244898	1.228789964
-4.387755102	-0.918367347	1.259063179
-4.387755102	-0.714285714	1.284076112
-4.387755102	-0.510204082	1.303307051
-4.387755102	-0.306122449	1.316354914
-4.387755102	-0.102040816	1.322947587
-4.387755102	0.102040816	1.322947587
-4.387755102	0.306122449	1.316354914
-4.387755102	0.510204082	1.303307051
-4.387755102	0.714285714	1.284076112
-4.387755102	0.918367347	1.259063179
-4.387755102	1.12244898	1.228789964
-4.387755102	1.326530612	1.19388797
-4.387755102	1.530612245	1.155085354
-4.387755102	1.734693878	1.113191798
-4.387755102	1.93877551	1.06908167
-4.387755102	2.142857143	1.023675852
-4.387755102	2.346938776	0.977922594
-4.387755102	2.551020408	0.932777801
-4.387755102	2.755102041	0.889185163
-4.387755102	2.959183673	0.848056536
-4.387755102	3.163265306	0.810252984
-4.387755102	3.367346939	0.776566882
-4.387755102	3.571428571	0.74770544
-4.387755102	3.775510204	0.724276008
-4.387755102	3.979591837	0.706773439
-4.387755102	4.183673469	0.695569813
-4.387755102	4.387755102	0.690906695
-4.387755102	4.591836735	0.692890116
-4.387755102	4.795918367	0.701488367
-4.387755102	5	0.71653266
-4.183673469	-5	0.544838305
-4.183673469	-4.795918367	0.521336997
-4.183673469	-4.591836735	0.508017725
-4.183673469	-4.387755102	0.505147419
-4.183673469	-4.183673469	0.512776226
-4.183673469	-3.979591837	0.530736461
-4.183673469	-3.775510204	0.5586461
-4.183673469	-3.571428571	0.595916717
-4.183673469	-3.367346939	0.641765717
-4.183673469	-3.163265306	0.695232606
-4.183673469	-2.959183673	0.755198961
-4.183673469	-2.755102041	0.820411673
-4.183673469	-2.551020408	0.889509005
-4.183673469	-2.346938776	0.961048895
-4.183673469	-2.142857143	1.03353894
-4.183673469	-1.93877551	1.105467414
-4.183673469	-1.734693878	1.1753347
-4.183673469	-1.530612245	1.241684463
-4.183673469	-1.326530612	1.303133925
-4.183673469	-1.12244898	1.358402611
-4.183673469	-0.918367347	1.406338967
-4.183673469	-0.714285714	1.445944302
-4.183673469	-0.510204082	1.476393547
-4.183673469	-0.306122449	1.497052409
-4.183673469	-0.102040816	1.507490553
-4.183673469	0.102040816	1.507490553
-4.183673469	0.306122449	1.497052409
-4.183673469	0.510204082	1.476393547
-4.183673469	0.714285714	1.445944302
-4.183673469	0.918367347	1.406338967
-4.183673469	1.12244898	1.358402611
-4.183673469	1.326530612	1.303133925
-4.183673469	1.530612245	1.241684463
-4.183673469	1.734693878	1.1753347
-4.183673469	1.93877551	1.105467414
-4.183673469	2.142857143	1.03353894
-4.183673469	2.346938776	0.961048895
-4.183673469	2.551020408	0.889509005
-4.183673469	2.755102041	0.820411673
-4.183673469	2.959183673	0.755198961
-4.183673469	3.163265306	0.695232606
-4.183673469	3.367346939	0.641765717
-4.183673469	3.571428571	0.595916717
-4.183673469	3.775510204	0.5586461
-4.183673469	3.979591837	0.530736461
-4.183673469	4.183673469	0.512776226
-4.183673469	4.387755102	0.505147419
-4.183673469	4.591836735	0.508017725
-4.183673469	4.795918367	0.521336997
-4.183673469	5	0.544838305
-3.979591837	-5	0.392497265
-3.979591837	-4.795918367	0.361493619
-3.979591837	-4.591836735	0.343986262
-3.979591837	-4.387755102	0.340329188
-3.979591837	-4.183673469	0.350588898
-3.979591837	-3.979591837	0.374543018
-3.979591837	-3.775510204	0.411684917
-3.979591837	-3.571428571	0.461234244
-3.979591837	-3.367346939	0.522153148
-3.979591837	-3.163265306	0.593167855
-3.979591837	-2.959183673	0.672795146
-3.979591837	-2.755102041	0.759373191
-3.979591837	-2.551020408	0.851096099
-3.979591837	-2.346938776	0.946051456
-3.979591837	-2.142857143	1.042260083
-3.979591837	-1.93877551	1.137717182
-3.979591837	-1.734693878	1.230434009
-3.979591837	-1.530612245	1.31847922
-3.979591837	-1.326530612	1.40001902
-3.979591837	-1.12244898	1.473355286
-3.979591837	-0.918367347	1.536960866
-3.979591837	-0.714285714	1.589511327
-3.979591837	-0.510204082	1.629912492
-3.979591837	-0.306122449	1.657323179
-3.979591837	-0.102040816	1.671172694
-3.979591837	0.102040816	1.671172694
-3.979591837	0.306122449	1.657323179
-3.979591837	0.510204082	1.629912492
-3.979591837	0.714285714	1.589511327
-3.979591837	0.918367347	1.536960866
-3.979591837	1.12244898	1.473355286
-3.979591837	1.326530612	1.40001902
-3.979591837	1.530612245	1.31847922
-3.979591837	1.734693878	1.230434009
-3.979591837	1.93877551	1.137717182
-3.979591837	2.142857143	1.042260083
-3.979591837	2.346938776	0.946051456
-3.979591837	2.551020408	0.851096099
-3.979591837	2.755102041	0.759373191
-3.979591837	2.959183673	0.672795146
-3.979591837	3.163265306	0.593167855
-3.979591837	3.367346939	0.522153148
-3.979591837	3.571428571	0.461234244
-3.979591837	3.775510204	0.411684917
-3.979591837	3.979591837	0.374543018
-3.979591837	4.183673469	0.350588898
-3.979591837	4.387755102	0.340329188
-3.979591837	4.591836735	0.343986262
-3.979591837	4.795918367	0.361493619
-3.979591837	5	0.392497265
-3.775510204	-5	0.26581516
-3.775510204	-4.795918367	0.228575238
-3.775510204	-4.591836735	0.207586558
-3.775510204	-4.387755102	0.203275488
-3.775510204	-4.183673469	0.215722123
-3.775510204	-3.979591837	0.244658625
-3.775510204	-3.775510204	0.289474789
-3.775510204	-3.571428571	0.349230726
-3.775510204	-3.367346939	0.422676404
-3.775510204	-3.163265306	0.508277637
-3.775510204	-2.959183673	0.604247972
-3.775510204	-2.755102041	0.708585832
-3.775510204	-2.551020408	0.819116124
-3.775510204	-2.346938776	0.933535457
-3.775510204	-2.142857143	1.049460024
-3.775510204	-1.93877551	1.164475161
-3.775510204	-1.734693878	1.276185542
-3.775510204	-1.530612245	1.382264973
-3.775510204	-1.326530612	1.480504756
-3.775510204	-1.12244898	1.568859598
-3.775510204	-0.918367347	1.645490133
-3.775510204	-0.714285714	1.708801159
-3.775510204	-0.510204082	1.7574748
-3.775510204	-0.306122449	1.790497905
-3.775510204	-0.102040816	1.807183104
-3.775510204	0.102040816	1.807183104
-3.775510204	0.306122449	1.790497905
-3.775510204	0.510204082	1.7574748
-3.775510204	0.714285714	1.708801159
-3.775510204	0.918367347	1.645490133
-3.775510204	1.12244898	1.568859598
-3.775510204	1.326530612	1.480504756
-3.775510204	1.530612245	1.382264973
-3.775510204	1.734693878	1.276185542
-3.775510204	1.93877551	1.164475161
-3.775510204	2.142857143	1.049460024
-3.775510204	2.346938776	0.933535457
-3.775510204	2.551020408	0.819116124
-3.775510204	2.755102041	0.708585832
-3.775510204	2.959183673	0.604247972
-3.775510204	3.163265306	0.508277637
-3.775510204	3.367346939	0.422676404
-3.775510204	3.571428571	0.349230726
-3.775510204	3.775510204	0.289474789
-3.775510204	3.979591837	0.244658625
-3.775510204	4.183673469	0.215722123
-3.775510204	4.387755102	0.203275488
-3.775510204	4.591836735	0.207586558
-3.775510204	4.795918367	0.228575238
-3.775510204	5	0.26581516
-3.571428571	-5	0.170033505
-3.571428571	-4.795918367	0.128082204
-3.571428571	-4.591836735	0.104463457
-3.571428571	-4.387755102	0.099658305
-3.571428571	-4.183673469	0.113757116
-3.571428571	-3.979591837	0.146457707
-3.571428571	-3.775510204	0.19707162
-3.571428571	-3.571428571	0.264538441
-3.571428571	-3.367346939	0.347447841
-3.571428571	-3.163265306	0.444068894
-3.571428571	-2.959183673	0.552386064
-3.571428571	-2.755102041	0.670141099
-3.571428571	-2.551020408	0.794879984
-3.571428571	-2.346938776	0.924003952
-3.571428571	-2.142857143	1.054823507
-3.571428571	-1.93877551	1.184614341
-3.571428571	-1.734693878	1.310673962
-3.571428571	-1.530612245	1.430377877
-3.571428571	-1.326530612	1.541234154
-3.571428571	-1.12244898	1.640935222
-3.571428571	-0.918367347	1.727405843
-3.571428571	-0.714285714	1.798846254
-3.571428571	-0.510204082	1.853769583
-3.571428571	-0.306122449	1.891032753
-3.571428571	-0.102040816	1.909860253
-3.571428571	0.102040816	1.909860253
-3.571428571	0.306122449	1.891032753
-3.571428571	0.510204082	1.853769583
-3.571428571	0.714285714	1.798846254
-3.571428571	0.918367347	1.727405843
-3.571428571	1.12244898	1.640935222
-3.571428571	1.326530612	1.541234154
-3.571428571	1.530612245	1.430377877
-3.571428571	1.734693878	1.310673962
-3.571428571	1.93877551	1.184614341
-3.571428571	2.142857143	1.054823507
-3.571428571	2.346938776	0.924003952
-3.571428571	2.551020408	0.794879984
-3.571428571	2.755102041	0.670141099
-3.571428571	2.959183673	0.552386064
-3.571428571	3.163265306	0.444068894
-3.571428571	3.367346939	0.347447841
-3.571428571	3.571428571	0.264538441
-3.571428571	3.775510204	0.19707162
-3.571428571	3.979591837	0.146457707
-3.571428571	4.183673469	0.113757116
-3.571428571	4.387755102	0.099658305
-3.571428571	4.591836735	0.104463457
-3.571428571	4.795918367	0.128082204
-3.571428571	5	0.170033505
-3.367346939	-5	0.109112155
-3.367346939	-4.795918367	0.064169918
-3.367346939	-4.591836735	0.038881519
-3.367346939	-4.387755102	0.033762708
-3.367346939	-4.183673469	0.048910375
-3.367346939	-3.979591837	0.08400053
-3.367346939	-3.775510204	0.138295043
-3.367346939	-3.571428571	0.210656983
-3.367346939	-3.367346939	0.299574259
-3.367346939	-3.163265306	0.403191051
-3.367346939	-2.959183673	0.51934639
-3.367346939	-2.755102041	0.645619083
-3.367346939	-2.551020408	0.779378042
-3.367346939	-2.346938776	0.917836988
-3.367346939	-2.142857143	1.058112364
-3.367346939	-1.93877551	1.197283288
-3.367346939	-1.734693878	1.33245227
-3.367346939	-1.530612245	1.460805449
-3.367346939	-1.326530612	1.579671085
-3.367346939	-1.12244898	1.686575104
-3.367346939	-0.918367347	1.77929253
-3.367346939	-0.714285714	1.855893738
-3.367346939	-0.510204082	1.91478457
-3.367346939	-0.306122449	1.954739472
-3.367346939	-0.102040816	1.974926974
-3.367346939	0.102040816	1.974926974
-3.367346939	0.306122449	1.954739472
-3.367346939	0.510204082	1.91478457
-3.367346939	0.714285714	1.855893738
-3.367346939	0.918367347	1.77929253
-3.367346939	1.12244898	1.686575104
-3.367346939	1.326530612	1.579671085
-3.367346939	1.530612245	1.460805449
-3.367346939	1.734693878	1.33245227
-3.367346939	1.93877551	1.197283288
-3.367346939	2.142857143	1.058112364
-3.367346939	2.346938776	0.917836988
-3.367346939	2.551020408	0.779378042
-3.367346939	2.755102041	0.645619083
-3.367346939	2.959183673	0.51934639
-3.367346939	3.163265306	0.403191051
-3.367346939	3.367346939	0.299574259
-3.367346939	3.571428571	0.210656983
-3.367346939	3.775510204	0.138295043
-3.367346939	3.979591837	0.08400053
-3.367346939	4.183673469	0.048910375
-3.367346939	4.387755102	0.033762708
-3.367346939	4.591836735	0.038881519
-3.367346939	4.795918367	0.064169918
-3.367346939	5	0.109112155
-3.163265306	-5	0.085564955
-3.163265306	-4.795918367	0.039476364
-3.163265306	-4.591836735	0.013548027
-3.163265306	-4.387755102	0.008308998
-3.163265306	-4.183673469	0.023858666
-3.163265306	-3.979591837	0.059864685
-3.163265306	-3.775510204	0.115569882
-3.163265306	-3.571428571	0.189808004
-3.163265306	-3.367346939	0.281027955
-3.163265306	-3.163265306	0.387326046
-3.163265306	-2.959183673	0.506485568
-3.163265306	-2.755102041	0.636022874
-3.163265306	-2.551020408	0.773239012
-3.163265306	-2.346938776	0.915275831
-3.163265306	-2.142857143	1.059175396
-3.163265306	-1.93877551	1.201941484
-3.163265306	-1.734693878	1.340601867
-3.163265306	-1.530612245	1.4722701
-3.163265306	-1.326530612	1.594205531
-3.163265306	-1.12244898	1.703870269
-3.163265306	-0.918367347	1.798981946
-3.163265306	-0.714285714	1.877561164
-3.163265306	-0.510204082	1.937972645
-3.163265306	-0.306122449	1.978959223
-3.163265306	-0.102040816	1.99966798
-3.163265306	0.102040816	1.99966798
-3.163265306	0.306122449	1.978959223
-3.163265306	0.510204082	1.937972645
-3.163265306	0.714285714	1.877561164
-3.163265306	0.918367347	1.798981946
-3.163265306	1.12244898	1.703870269
-3.163265306	1.326530612	1.594205531
-3.163265306	1.530612245	1.4722701
-3.163265306	1.734693878	1.340601867
-3.163265306	1.93877551	1.201941484
-3.163265306	2.142857143	1.059175396
-3.163265306	2.346938776	0.915275831
-3.163265306	2.551020408	0.773239012
-3.163265306	2.755102041	0.636022874
-3.163265306	2.959183673	0.506485568
-3.163265306	3.163265306	0.387326046
-3.163265306	3.367346939	0.281027955
-3.163265306	3.571428571	0.189808004
-3.163265306	3.775510204	0.115569882
-3.163265306	3.979591837	0.059864685
-3.163265306	4.183673469	0.023858666
-3.163265306	4.387755102	0.008308998
-3.163265306	4.591836735	0.013548027
-3.163265306	4.795918367	0.039476364
-3.163265306	5	0.085564955
-2.959183673	-5	0.1003554
-2.959183673	-4.795918367	0.055012617
-2.959183673	-4.591836735	0.029500617
-2.959183673	-4.387755102	0.024339801
-2.959183673	-4.183673469	0.039627931
-2.959183673	-3.979591837	0.075038097
-2.959183673	-3.775510204	0.129825516
-2.959183673	-3.571428571	0.202843012
-2.959183673	-3.367346939	0.292564864
-2.959183673	-3.163265306	0.397118527
-2.959183673	-2.959183673	0.514323556
-2.959183673	-2.755102041	0.641736935
-2.959183673	-2.551020408	0.776703865
-2.959183673	-2.346938776	0.916412952
-2.959183673	-2.142857143	1.057954654
-2.959183673	-1.93877551	1.198381762
-2.959183673	-1.734693878	1.334770673
-2.959183673	-1.530612245	1.464282162
-2.959183673	-1.326530612	1.584220413
-2.959183673	-1.12244898	1.692089053
-2.959183673	-0.918367347	1.785643053
-2.959183673	-0.714285714	1.862935396
-2.959183673	-0.510204082	1.922357557
-2.959183673	-0.306122449	1.962672936
-2.959183673	-0.102040816	1.98304257
-2.959183673	0.102040816	1.98304257
-2.959183673	0.306122449	1.962672936
-2.959183673	0.510204082	1.922357557
-2.959183673	0.714285714	1.862935396
-2.959183673	0.918367347	1.785643053
-2.959183673	1.12244898	1.692089053
-2.959183673	1.326530612	1.584220413
-2.959183673	1.530612245	1.464282162
-2.959183673	1.734693878	1.334770673
-2.959183673	1.93877551	1.198381762
-2.959183673	2.142857143	1.057954654
-2.959183673	2.346938776	0.916412952
-2.959183673	2.551020408	0.776703865
-2.959183673	2.755102041	0.641736935
-2.959183673	2.959183673	0.514323556
-2.959183673	3.163265306	0.397118527
-2.959183673	3.367346939	0.292564864
-2.959183673	3.571428571	0.202843012
-2.959183673	3.775510204	0.129825516
-2.959183673	3.979591837	0.075038097
-2.959183673	4.183673469	0.039627931
-2.959183673	4.387755102	0.024339801
-2.959183673	4.591836735	0.029500617
-2.959183673	4.795918367	0.055012617
-2.959183673	5	0.1003554
-2.755102041	-5	0.15285665
-2.755102041	-4.795918367	0.11012088
-2.755102041	-4.591836735	0.086064213
-2.755102041	-4.387755102	0.081176794
-2.755102041	-4.183673469	0.095550701
-2.755102041	-3.979591837	0.128878032
-2.755102041	-3.775510204	0.1804573
-2.755102041	-3.571428571	0.249208024
-2.755102041	-3.367346939	0.333693182
-2.755102041	-3.163265306	0.432149092
-2.755102041	-2.959183673	0.542522073
-2.755102041	-2.755102041	0.662511137
-2.755102041	-2.551020408	0.789615826
-2.755102041	-2.346938776	0.921188191
-2.755102041	-2.142857143	1.05448784
-2.755102041	-1.93877551	1.186738903
-2.755102041	-1.734693878	1.315187746
-2.755102041	-1.530612245	1.437160209
-2.755102041	-1.326530612	1.550117197
-2.755102041	-1.12244898	1.65170747
-2.755102041	-0.918367347	1.739816516
-2.755102041	-0.714285714	1.812610512
-2.755102041	-0.510204082	1.868574446
-2.755102041	-0.306122449	1.906543609
-2.755102041	-0.102040816	1.925727813
-2.755102041	0.102040816	1.925727813
-2.755102041	0.306122449	1.906543609
-2.755102041	0.510204082	1.868574446
-2.755102041	0.714285714	1.812610512
-2.755102041	0.918367347	1.739816516
-2.755102041	1.12244898	1.65170747
-2.755102041	1.326530612	1.550117197
-2.755102041	1.530612245	1.437160209
-2.755102041	1.734693878	1.315187746
-2.755102041	1.93877551	1.186738903
-2.755102041	2.142857143	1.05448784
-2.755102041	2.346938776	0.921188191
-2.755102041	2.551020408	0.789615826
-2.755102041	2.755102041	0.662511137
-2.755102041	2.959183673	0.542522073
-2.755102041	3.163265306	0.432149092
-2.755102041	3.367346939	0.333693182
-2.755102041	3.571428571	0.249208024
-2.755102041	3.775510204	0.1804573
-2.755102041	3.979591837	0.128878032
-2.755102041	4.183673469	0.095550701
-2.755102041	4.387755102	0.081176794
-2.755102041	4.591836735	0.086064213
-2.755102041	4.795918367	0.11012088
-2.755102041	5	0.15285665
-2.551020408	-5	0.240877541
-2.551020408	-4.795918367	0.202501787
-2.551020408	-4.591836735	0.180879044
-2.551020408	-4.387755102	0.176448859
-2.551020408	-4.183673469	0.189293805
-2.551020408	-3.979591837	0.219137763
-2.551020408	-3.775510204	0.265351664
-2.551020408	-3.571428571	0.326966561
-2.551020408	-3.367346939	0.402693779
-2.551020408	-3.163265306	0.490951699
-2.551020408	-2.959183673	0.589898641
-2.551020408	-2.755102041	0.697471149
-2.551020408	-2.551020408	0.811426886
-2.551020408	-2.346938776	0.929391251
-2.551020408	-2.142857143	1.048906742
-2.551020408	-1.93877551	1.167484043
-2.551020408	-1.734693878	1.282653776
-2.551020408	-1.530612245	1.392017835
-2.551020408	-1.326530612	1.493299235
-2.551020408	-1.12244898	1.584389455
-2.551020408	-0.918367347	1.663392264
-2.551020408	-0.714285714	1.728663144
-2.551020408	-0.510204082	1.778843476
-2.551020408	-0.306122449	1.812888787
-2.551020408	-0.102040816	1.830090458
-2.551020408	0.102040816	1.830090458
-2.551020408	0.306122449	1.812888787
-2.551020408	0.510204082	1.778843476
-2.551020408	0.714285714	1.728663144
-2.551020408	0.918367347	1.663392264
-2.551020408	1.12244898	1.584389455
-2.551020408	1.326530612	1.493299235
-2.551020408	1.530612245	1.392017835
-2.551020408	1.734693878	1.282653776
-2.551020408	1.93877551	1.167484043
-2.551020408	2.142857143	1.048906742
-2.551020408	2.346938776	0.929391251
-2.551020408	2.551020408	0.811426886
-2.551020408	2.755102041	0.697471149
-2.551020408	2.959183673	0.589898641
-2.551020408	3.163265306	0.490951699
-2.551020408	3.367346939	0.402693779
-2.551020408	3.571428571	0.326966561
-2.551020408	3.775510204	0.265351664
-2.551020408	3.979591837	0.219137763
-2.551020408	4.183673469	0.189293805
-2.551020408	4.387755102	0.176448859
-2.551020408	4.591836735	0.180879044
-2.551020408	4.795918367	0.202501787
-2.551020408	5	0.240877541
-2.346938776	-5	0.360753534
-2.346938776	-4.795918367	0.328309837
-2.346938776	-4.591836735	0.309998588
-2.346938776	-4.387755102	0.306190497
-2.346938776	-4.183673469	0.316955202
-2.346938776	-3.979591837	0.34205983
-2.346938776	-3.775510204	0.380973834
-2.346938776	-3.571428571	0.432880024
-2.346938776	-3.367346939	0.496691552
-2.346938776	-3.163265306	0.571074511
-2.346938776	-2.959183673	0.654475661
-2.346938776	-2.755102041	0.74515472
-2.346938776	-2.551020408	0.841220541
-2.346938776	-2.346938776	0.940670428
-2.346938776	-2.142857143	1.041431768
-2.346938776	-1.93877551	1.141405118
-2.346938776	-1.734693878	1.238507847
-2.346938776	-1.530612245	1.330717436
-2.346938776	-1.326530612	1.416113519
-2.346938776	-1.12244898	1.492917804
-2.346938776	-0.918367347	1.559531045
-2.346938776	-0.714285714	1.614566286
-2.346938776	-0.510204082	1.656877692
-2.346938776	-0.306122449	1.685584372
-2.346938776	-0.102040816	1.700088691
-2.346938776	0.102040816	1.700088691
-2.346938776	0.306122449	1.685584372
-2.346938776	0.510204082	1.656877692
-2.346938776	0.714285714	1.614566286
-2.346938776	0.918367347	1.559531045
-2.346938776	1.12244898	1.492917804
-2.346938776	1.326530612	1.416113519
-2.346938776	1.530612245	1.330717436
-2.346938776	1.734693878	1.238507847
-2.346938776	1.93877551	1.141405118
-2.346938776	2.142857143	1.041431768
-2.346938776	2.346938776	0.940670428
-2.346938776	2.551020408	0.841220541
-2.346938776	2.755102041	0.74515472
-2.346938776	2.959183673	0.654475661
-2.346938776	3.163265306	0.571074511
-2.346938776	3.367346939	0.496691552
-2.346938776	3.571428571	0.432880024
-2.346938776	3.775510204	0.380973834
-2.346938776	3.979591837	0.34205983
-2.346938776	4.183673469	0.316955202
-2.346938776	4.387755102	0.306190497
-2.346938776	4.591836735	0.309998588
-2.346938776	4.795918367	0.328309837
-2.346938776	5	0.360753534
-2.142857143	-5	0.507498809
-2.142857143	-4.795918367	0.482312998
-2.142857143	-4.591836735	0.468053374
-2.142857143	-4.387755102	0.465006414
-2.142857143	-4.183673469	0.473225939
-2.142857143	-3.979591837	0.492531983
-2.142857143	-3.775510204	0.522514545
-2.142857143	-3.571428571	0.562542105
-2.142857143	-3.367346939	0.611774756
-2.142857143	-3.163265306	0.669181664
-2.142857143	-2.959183673	0.733562495
-2.142857143	-2.755102041	0.803572374
-2.142857143	-2.551020408	0.877749834
-2.142857143	-2.346938776	0.954547208
-2.142857143	-2.142857143	1.032362795
-2.142857143	-1.93877551	1.10957416
-2.142857143	-1.734693878	1.184571862
-2.142857143	-1.530612245	1.255792912
-2.142857143	-1.326530612	1.321753265
-2.142857143	-1.12244898	1.381078671
-2.142857143	-0.918367347	1.432533244
-2.142857143	-0.714285714	1.475045153
-2.142857143	-0.510204082	1.507728906
-2.142857143	-0.306122449	1.529903758
-2.142857143	-0.102040816	1.541107858
-2.142857143	0.102040816	1.541107858
-2.142857143	0.306122449	1.529903758
-2.142857143	0.510204082	1.507728906
-2.142857143	0.714285714	1.475045153
-2.142857143	0.918367347	1.432533244
-2.142857143	1.12244898	1.381078671
-2.142857143	1.326530612	1.321753265
-2.142857143	1.530612245	1.255792912
-2.142857143	1.734693878	1.184571862
-2.142857143	1.93877551	1.10957416
-2.142857143	2.142857143	1.032362795
-2.142857143	2.346938776	0.954547208
-2.142857143	2.551020408	0.877749834
-2.142857143	2.755102041	0.803572374
-2.142857143	2.959183673	0.733562495
-2.142857143	3.163265306	0.669181664
-2.142857143	3.367346939	0.611774756
-2.142857143	3.571428571	0.562542105
-2.142857143	3.775510204	0.522514545
-2.142857143	3.979591837	0.492531983
-2.142857143	4.183673469	0.473225939
-2.142857143	4.387755102	0.465006414
-2.142857143	4.591836735	0.468053374
-2.142857143	4.795918367	0.482312998
-2.142857143	5	0.507498809
-1.93877551	-5	0.675013201
-1.93877551	-4.795918367	0.65810987
-1.93877551	-4.591836735	0.648473834
-1.93877551	-4.387755102	0.646295457
-1.93877551	-4.183673469	0.651610498
-1.93877551	-3.979591837	0.664299376
-1.93877551	-3.775510204	0.684089648
-1.93877551	-3.571428571	0.710561678
-1.93877551	-3.367346939	0.743157359
-1.93877551	-3.163265306	0.781191715
-1.93877551	-2.959183673	0.82386714
-1.93877551	-2.755102041	0.87028998
-1.93877551	-2.551020408	0.919489112
-1.93877551	-2.346938776	0.970436129
-1.93877551	-2.142857143	1.022066722
-1.93877551	-1.93877551	1.073302804
-1.93877551	-1.734693878	1.123074924
-1.93877551	-1.530612245	1.170344494
-1.93877551	-1.326530612	1.214125385
-1.93877551	-1.12244898	1.253504428
-1.93877551	-0.918367347	1.28766039
-1.93877551	-0.714285714	1.315881055
-1.93877551	-0.510204082	1.337578025
-1.93877551	-0.306122449	1.352298953
-1.93877551	-0.102040816	1.359736946
-1.93877551	0.102040816	1.359736946
-1.93877551	0.306122449	1.352298953
-1.93877551	0.510204082	1.337578025
-1.93877551	0.714285714	1.315881055
-1.93877551	0.918367347	1.28766039
-1.93877551	1.12244898	1.253504428
-1.93877551	1.326530612	1.214125385
-1.93877551	1.530612245	1.170344494
-1.93877551	1.734693878	1.123074924
-1.93877551	1.93877551	1.073302804
-1.93877551	2.142857143	1.022066722
-1.93877551	2.346938776	0.970436129
-1.93877551	2.551020408	0.919489112
-1.93877551	2.755102041	0.87028998
-1.93877551	2.959183673	0.82386714
-1.93877551	3.163265306	0.781191715
-1.93877551	3.367346939	0.743157359
-1.93877551	3.571428571	0.710561678
-1.93877551	3.775510204	0.684089648
-1.93877551	3.979591837	0.664299376
-1.93877551	4.183673469	0.651610498
-1.93877551	4.387755102	0.646295457
-1.93877551	4.591836735	0.648473834
-1.93877551	4.795918367	0.65810987
-1.93877551	5	0.675013201
-1.734693878	-5	0.856335391
-1.734693878	-4.795918367	0.848395367
-1.734693878	-4.591836735	0.843762984
-1.734693878	-4.387755102	0.842524586
-1.734693878	-4.183673469	0.844696394
-1.734693878	-3.979591837	0.850224167
-1.734693878	-3.775510204	0.858984332
-1.734693878	-3.571428571	0.870786555
-1.734693878	-3.367346939	0.88537769
-1.734693878	-3.163265306	0.90244705
-1.734693878	-2.959183673	0.921632861
-1.734693878	-2.755102041	0.942529784
-1.734693878	-2.551020408	0.964697343
-1.734693878	-2.346938776	0.987669077
-1.734693878	-2.142857143	1.010962244
-1.734693878	-1.93877551	1.034087849
-1.734693878	-1.734693878	1.056560817
-1.734693878	-1.530612245	1.077910071
-1.734693878	-1.326530612	1.097688327
-1.734693878	-1.12244898	1.115481394
-1.734693878	-0.918367347	1.130916783
-1.734693878	-0.714285714	1.143671449
-1.734693878	-0.510204082	1.153478511
-1.734693878	-0.306122449	1.160132795
-1.734693878	-0.102040816	1.163495102
-1.734693878	0.102040816	1.163495102
-1.734693878	0.306122449	1.160132795
-1.734693878	0.510204082	1.153478511
-1.734693878	0.714285714	1.143671449
-1.734693878	0.918367347	1.130916783
-1.734693878	1.12244898	1.115481394
-1.734693878	1.326530612	1.097688327
-1.734693878	1.530612245	1.077910071
-1.734693878	1.734693878	1.056560817
-1.734693878	1.93877551	1.034087849
-1.734693878	2.142857143	1.010962244
-1.734693878	2.346938776	0.987669077
-1.734693878	2.551020408	0.964697343
-1.734693878	2.755102041	0.942529784
-1.734693878	2.959183673	0.921632861
-1.734693878	3.163265306	0.90244705
-1.734693878	3.367346939	0.88537769
-1.734693878	3.571428571	0.870786555
-1.734693878	3.775510204	0.858984332
-1.734693878	3.979591837	0.850224167
-1.734693878	4.183673469	0.844696394
-1.734693878	4.387755102	0.842524586
-1.734693878	4.591836735	0.843762984
-1.734693878	4.795918367	0.848395367
-1.734693878	5	0.856335391
-1.530612245	-5	1.043931828
-1.530612245	-4.795918367	1.045263918
-1.530612245	-4.591836735	1.045807575
-1.530612245	-4.387755102	1.045541542
-1.530612245	-4.183673469	1.044461824
-1.530612245	-3.979591837	1.042581776
-1.530612245	-3.775510204	1.039931822
-1.530612245	-3.571428571	1.036558828
-1.530612245	-3.367346939	1.032525119
-1.530612245	-3.163265306	1.027907191
-1.530612245	-2.959183673	1.022794117
-1.530612245	-2.755102041	1.017285698
-1.530612245	-2.551020408	1.011490383
-1.530612245	-2.346938776	1.005523022
-1.530612245	-2.142857143	0.999502473
-1.530612245	-1.93877551	0.993549131
-1.530612245	-1.734693878	0.987782429
-1.530612245	-1.530612245	0.982318351
-1.530612245	-1.326530612	0.977267026
-1.530612245	-1.12244898	0.972730431
-1.530612245	-0.918367347	0.968800279
-1.530612245	-0.714285714	0.965556108
-1.530612245	-0.510204082	0.963063627
-1.530612245	-0.306122449	0.961373353
-1.530612245	-0.102040816	0.960519557
-1.530612245	0.102040816	0.960519557
-1.530612245	0.306122449	0.961373353
-1.530612245	0.510204082	0.963063627
-1.530612245	0.714285714	0.965556108
-1.530612245	0.918367347	0.968800279
-1.530612245	1.12244898	0.972730431
-1.530612245	1.326530612	0.977267026
-1.530612245	1.530612245	0.982318351
-1.530612245	1.734693878	0.987782429
-1.530612245	1.93877551	0.993549131
-1.530612245	2.142857143	0.999502473
-1.530612245	2.346938776	1.005523022
-1.530612245	2.551020408	1.011490383
-1.530612245	2.755102041	1.017285698
-1.530612245	2.959183673	1.022794117
-1.530612245	3.163265306	1.027907191
-1.530612245	3.367346939	1.032525119
-1.530612245	3.571428571	1.036558828
-1.530612245	3.775510204	1.039931822
-1.530612245	3.979591837	1.042581776
-1.530612245	4.183673469	1.044461824
-1.530612245	4.387755102	1.045541542
-1.530612245	4.591836735	1.045807575
-1.530612245	4.795918367	1.045263918
-1.530612245	5	1.043931828
-1.326530612	-5	1.230009417
-1.326530612	-4.795918367	1.240537588
-1.326530612	-4.591836735	1.246214842
-1.326530612	-4.387755102	1.246913199
-1.326530612	-4.183673469	1.242608618
-1.326530612	-3.979591837	1.233381493
-1.326530612	-3.775510204	1.219414986
-1.326530612	-3.571428571	1.200991212
-1.326530612	-3.367346939	1.178485385
-1.326530612	-3.163265306	1.152358007
-1.326530612	-2.959183673	1.123145301
-1.326530612	-2.755102041	1.091448065
-1.326530612	-2.551020408	1.057919175
-1.326530612	-2.346938776	1.023250022
-1.326530612	-2.142857143	0.988156131
-1.326530612	-1.93877551	0.953362292
-1.326530612	-1.734693878	0.919587487
-1.326530612	-1.530612245	0.887529951
-1.326530612	-1.326530612	0.857852648
-1.326530612	-1.12244898	0.831169498
-1.326530612	-0.918367347	0.808032605
-1.326530612	-0.714285714	0.788920787
-1.326530612	-0.510204082	0.774229621
-1.326530612	-0.306122449	0.764263214
-1.326530612	-0.102040816	0.759227889
-1.326530612	0.102040816	0.759227889
-1.326530612	0.306122449	0.764263214
-1.326530612	0.510204082	0.774229621
-1.326530612	0.714285714	0.788920787
-1.326530612	0.918367347	0.808032605
-1.326530612	1.12244898	0.831169498
-1.326530612	1.326530612	0.857852648
-1.326530612	1.530612245	0.887529951
-1.326530612	1.734693878	0.919587487
-1.326530612	1.93877551	0.953362292
-1.326530612	2.142857143	0.988156131
-1.326530612	2.346938776	1.023250022
-1.326530612	2.551020408	1.057919175
-1.326530612	2.755102041	1.091448065
-1.326530612	2.959183673	1.123145301
-1.326530612	3.163265306	1.152358007
-1.326530612	3.367346939	1.178485385
-1.326530612	3.571428571	1.200991212
-1.326530612	3.775510204	1.219414986
-1.326530612	3.979591837	1.233381493
-1.326530612	4.183673469	1.242608618
-1.326530612	4.387755102	1.246913199
-1.326530612	4.591836735	1.246214842
-1.326530612	4.795918367	1.240537588
-1.326530612	5	1.230009417
-1.12244898	-5	1.406838964
-1.12244898	-4.795918367	1.426105501
-1.12244898	-4.591836735	1.436660838
-1.12244898	-4.387755102	1.438275585
-1.12244898	-4.183673469	1.430906652
-1.12244898	-3.979591837	1.414698136
-1.12244898	-3.775510204	1.38997833
-1.12244898	-3.571428571	1.357252899
-1.12244898	-3.367346939	1.317194362
-1.12244898	-3.163265306	1.27062812
-1.12244898	-2.959183673	1.21851529
-1.12244898	-2.755102041	1.161932729
-1.12244898	-2.551020408	1.102050643
-1.12244898	-2.346938776	1.040108268
-1.12244898	-2.142857143	0.977388099
-1.12244898	-1.93877551	0.915189235
-1.12244898	-1.734693878	0.854800371
-1.12244898	-1.530612245	0.797473008
-1.12244898	-1.326530612	0.744395433
-1.12244898	-1.12244898	0.696668023
-1.12244898	-0.918367347	0.655280363
-1.12244898	-0.714285714	0.621090678
-1.12244898	-0.510204082	0.594807989
-1.12244898	-0.306122449	0.576977377
-1.12244898	-0.102040816	0.567968648
-1.12244898	0.102040816	0.567968648
-1.12244898	0.306122449	0.576977377
-1.12244898	0.510204082	0.594807989
-1.12244898	0.714285714	0.621090678
-1.12244898	0.918367347	0.655280363
-1.12244898	1.12244898	0.696668023
-1.12244898	1.326530612	0.744395433
-1.12244898	1.530612245	0.797473008
-1.12244898	1.734693878	0.854800371
-1.12244898	1.93877551	0.915189235
-1.12244898	2.142857143	0.977388099
-1.12244898	2.346938776	1.040108268
-1.12244898	2.551020408	1.102050643
-1.12244898	2.755102041	1.161932729
-1.12244898	2.959183673	1.21851529
-1.12244898	3.163265306	1.27062812
-1.12244898	3.367346939	1.317194362
-1.12244898	3.571428571	1.357252899
-1.12244898	3.775510204	1.38997833
-1.12244898	3.979591837	1.414698136
-1.12244898	4.183673469	1.430906652
-1.12244898	4.387755102	1.438275585
-1.12244898	4.591836735	1.436660838
-1.12244898	4.795918367	1.426105501
-1.12244898	5	1.406838964
-0.918367347	-5	1.56707598
-0.918367347	-4.795918367	1.594260484
-0.918367347	-4.591836735	1.609235924
-0.918367347	-4.387755102	1.611681027
-0.918367347	-4.183673469	1.601535438
-0.918367347	-3.979591837	1.579000977
-0.918367347	-3.775510204	1.544537446
-0.918367347	-3.571428571	1.498853066
-0.918367347	-3.367346939	1.442889755
-0.918367347	-3.163265306	1.37780355
-0.918367347	-2.959183673	1.304940572
-0.918367347	-2.755102041	1.225809041
-0.918367347	-2.551020408	1.142047927
-0.918367347	-2.346938776	1.055392873
-0.918367347	-2.142857143	0.967640116
-0.918367347	-1.93877551	0.880609146
-0.918367347	-1.734693878	0.796104881
-0.918367347	-1.530612245	0.715880146
-0.918367347	-1.326530612	0.641599232
-0.918367347	-1.12244898	0.5748033
-0.918367347	-0.918367347	0.516878345
-0.918367347	-0.714285714	0.469026375
-0.918367347	-0.510204082	0.432240433
-0.918367347	-0.306122449	0.407283945
-0.918367347	-0.102040816	0.394674856
-0.918367347	0.102040816	0.394674856
-0.918367347	0.306122449	0.407283945
-0.918367347	0.510204082	0.432240433
-0.918367347	0.714285714	0.469026375
-0.918367347	0.918367347	0.516878345
-0.918367347	1.12244898	0.5748033
-0.918367347	1.326530612	0.641599232
-0.918367347	1.530612245	0.715880146
-0.918367347	1.734693878	0.796104881
-0.918367347	1.93877551	0.880609146
-0.918367347	2.142857143	0.967640116
-0.918367347	2.346938776	1.055392873
-0.918367347	2.551020408	1.142047927
-0.918367347	2.755102041	1.225809041
-0.918367347	2.959183673	1.304940572
-0.918367347	3.163265306	1.37780355
-0.918367347	3.367346939	1.442889755
-0.918367347	3.571428571	1.498853066
-0.918367347	3.775510204	1.544537446
-0.918367347	3.979591837	1.579000977
-0.918367347	4.183673469	1.601535438
-0.918367347	4.387755102	1.611681027
-0.918367347	4.591836735	1.609235924
-0.918367347	4.795918367	1.594260484
-0.918367347	5	1.56707598
-0.714285714	-5	1.704065514
-0.714285714	-4.795918367	1.738018948
-0.714285714	-4.591836735	1.756773058
-0.714285714	-4.387755102	1.759928017
-0.714285714	-4.183673469	1.747408713
-0.714285714	-3.979591837	1.719466314
-0.714285714	-3.775510204	1.676673043
-0.714285714	-3.571428571	1.619910284
-0.714285714	-3.367346939	1.55035026
-0.714285714	-3.163265306	1.469431663
-0.714285714	-2.959183673	1.378829746
-0.714285714	-2.755102041	1.280421497
-0.714285714	-2.551020408	1.176246619
-0.714285714	-2.346938776	1.068465128
-0.714285714	-2.142857143	0.959312451
-0.714285714	-1.93877551	0.851052948
-0.714285714	-1.734693878	0.745932849
-0.714285714	-1.530612245	0.646133552
-0.714285714	-1.326530612	0.553726274
-0.714285714	-1.12244898	0.470628998
-0.714285714	-0.918367347	0.398566597
-0.714285714	-0.714285714	0.339034981
-0.714285714	-0.510204082	0.293269991
-0.714285714	-0.306122449	0.262221717
-0.714285714	-0.102040816	0.246534742
-0.714285714	0.102040816	0.246534742
-0.714285714	0.306122449	0.262221717
-0.714285714	0.510204082	0.293269991
-0.714285714	0.714285714	0.339034981
-0.714285714	0.918367347	0.398566597
-0.714285714	1.12244898	0.470628998
-0.714285714	1.326530612	0.553726274
-0.714285714	1.530612245	0.646133552
-0.714285714	1.734693878	0.745932849
-0.714285714	1.93877551	0.851052948
-0.714285714	2.142857143	0.959312451
-0.714285714	2.346938776	1.068465128
-0.714285714	2.551020408	1.176246619
-0.714285714	2.755102041	1.280421497
-0.714285714	2.959183673	1.378829746
-0.714285714	3.163265306	1.469431663
-0.714285714	3.367346939	1.55035026
-0.714285714	3.571428571	1.619910284
-0.714285714	3.775510204	1.676673043
-0.714285714	3.979591837	1.719466314
-0.714285714	4.183673469	1.747408713
-0.714285714	4.387755102	1.759928017
-0.714285714	4.591836735	1.756773058
-0.714285714	4.795918367	1.738018948
-0.714285714	5	1.704065514
-0.510204082	-5	1.812118363
-0.510204082	-4.795918367	1.851410747
-0.510204082	-4.591836735	1.873145259
-0.510204082	-4.387755102	1.876860112
-0.510204082	-4.183673469	1.862468556
-0.510204082	-3.979591837	1.83026068
-0.510204082	-3.775510204	1.780897379
-0.510204082	-3.571428571	1.71539662
-0.510204082	-3.367346939	1.635112275
-0.510204082	-3.163265306	1.54170598
-0.510204082	-2.959183673	1.437112588
-0.510204082	-2.755102041	1.32349995
-0.510204082	-2.551020408	1.203223846
-0.510204082	-2.346938776	1.078779014
-0.510204082	-2.142857143	0.952747285
-0.510204082	-1.93877551	0.827743913
-0.510204082	-1.734693878	0.706363206
-0.510204082	-1.530612245	0.591124597
-0.510204082	-1.326530612	0.484420265
-0.510204082	-1.12244898	0.388465408
-0.510204082	-0.918367347	0.305252188
-0.510204082	-0.714285714	0.236508324
-0.510204082	-0.510204082	0.183661168
-0.510204082	-0.306122449	0.147808037
-0.510204082	-0.102040816	0.1296934
-0.510204082	0.102040816	0.1296934
-0.510204082	0.306122449	0.147808037
-0.510204082	0.510204082	0.183661168
-0.510204082	0.714285714	0.236508324
-0.510204082	0.918367347	0.305252188
-0.510204082	1.12244898	0.388465408
-0.510204082	1.326530612	0.484420265
-0.510204082	1.530612245	0.591124597
-0.510204082	1.734693878	0.706363206
-0.510204082	1.93877551	0.827743913
-0.510204082	2.142857143	0.952747285
-0.510204082	2.346938776	1.078779014
-0.510204082	2.551020408	1.203223846
-0.510204082	2.755102041	1.32349995
-0.510204082	2.959183673	1.437112588
-0.510204082	3.163265306	1.54170598
-0.510204082	3.367346939	1.635112275
-0.510204082	3.571428571	1.71539662
-0.510204082	3.775510204	1.780897379
-0.510204082	3.979591837	1.83026068
-0.510204082	4.183673469	1.862468556
-0.510204082	4.387755102	1.876860112
-0.510204082	4.591836735	1.873145259
-0.510204082	4.795918367	1.851410747
-0.510204082	5	1.812118363
-0.306122449	-5	1.886747205
-0.306122449	-4.795918367	1.929726967
-0.306122449	-4.591836735	1.953519911
-0.306122449	-4.387755102	1.957621459
-0.306122449	-4.183673469	1.941936821
-0.306122449	-3.979591837	1.906782967
-0.306122449	-3.775510204	1.852882036
-0.306122449	-3.571428571	1.781346325
-0.306122449	-3.367346939	1.693655164
-0.306122449	-3.163265306	1.591624166
-0.306122449	-2.959183673	1.477367479
-0.306122449	-2.755102041	1.353253839
-0.306122449	-2.551020408	1.221857328
-0.306122449	-2.346938776	1.085903859
-0.306122449	-2.142857143	0.948214513
-0.306122449	-1.93877551	0.811646887
-0.306122449	-1.734693878	0.679035695
-0.306122449	-1.530612245	0.553133834
-0.306122449	-1.326530612	0.436555157
-0.306122449	-1.12244898	0.331720134
-0.306122449	-0.918367347	0.240805535
-0.306122449	-0.714285714	0.165699177
-0.306122449	-0.510204082	0.10796068
-0.306122449	-0.306122449	0.068789046
-0.306122449	-0.102040816	0.048997729
-0.306122449	0.102040816	0.048997729
-0.306122449	0.306122449	0.068789046
-0.306122449	0.510204082	0.10796068
-0.306122449	0.714285714	0.165699177
-0.306122449	0.918367347	0.240805535
-0.306122449	1.12244898	0.331720134
-0.306122449	1.326530612	0.436555157
-0.306122449	1.530612245	0.553133834
-0.306122449	1.734693878	0.679035695
-0.306122449	1.93877551	0.811646887
-0.306122449	2.142857143	0.948214513
-0.306122449	2.346938776	1.085903859
-0.306122449	2.551020408	1.221857328
-0.306122449	2.755102041	1.353253839
-0.306122449	2.959183673	1.477367479
-0.306122449	3.163265306	1.591624166
-0.306122449	3.367346939	1.693655164
-0.306122449	3.571428571	1.781346325
-0.306122449	3.775510204	1.852882036
-0.306122449	3.979591837	1.906782967
-0.306122449	4.183673469	1.941936821
-0.306122449	4.387755102	1.957621459
-0.306122449	4.591836735	1.953519911
-0.306122449	4.795918367	1.929726967
-0.306122449	5	1.886747205
-0.102040816	-5	1.924852845
-0.102040816	-4.795918367	1.969715368
-0.102040816	-4.591836735	1.994559339
-0.102040816	-4.387755102	1.998858332
-0.102040816	-4.183673469	1.982513451
-0.102040816	-3.979591837	1.945855393
-0.102040816	-3.775510204	1.889637566
-0.102040816	-3.571428571	1.815020431
-0.102040816	-3.367346939	1.723547379
-0.102040816	-3.163265306	1.61711264
-0.102040816	-2.959183673	1.497921912
-0.102040816	-2.755102041	1.368446501
-0.102040816	-2.551020408	1.231371953
-0.102040816	-2.346938776	1.089542219
-0.102040816	-2.142857143	0.945900538
-0.102040816	-1.93877551	0.80342825
-0.102040816	-1.734693878	0.665082815
-0.102040816	-1.530612245	0.533736339
-0.102040816	-1.326530612	0.412115859
-0.102040816	-1.12244898	0.302746657
-0.102040816	-0.918367347	0.207899764
-0.102040816	-0.714285714	0.129544741
-0.102040816	-0.510204082	0.069308745
-0.102040816	-0.306122449	0.028442696
-0.102040816	-0.102040816	0.007795273
-0.102040816	0.102040816	0.007795273
-0.102040816	0.306122449	0.028442696
-0.102040816	0.510204082	0.069308745
-0.102040816	0.714285714	0.129544741
-0.102040816	0.918367347	0.207899764
-0.102040816	1.12244898	0.302746657
-0.102040816	1.326530612	0.412115859
-0.102040816	1.530612245	0.533736339
-0.102040816	1.734693878	0.665082815
-0.102040816	1.93877551	0.80342825
-0.102040816	2.142857143	0.945900538
-0.102040816	2.346938776	1.089542219
-0.102040816	2.551020408	1.231371953
-0.102040816	2.755102041	1.368446501
-0.102040816	2.959183673	1.497921912
-0.102040816	3.163265306	1.61711264
-0.102040816	3.367346939	1.723547379
-0.102040816	3.571428571	1.815020431
-0.102040816	3.775510204	1.889637566
-0.102040816	3.979591837	1.945855393
-0.102040816	4.183673469	1.982513451
-0.102040816	4.387755102	1.998858332
-0.102040816	4.591836735	1.994559339
-0.102040816	4.795918367	1.969715368
-0.102040816	5	1.924852845
0.102040816	-5	1.924852845
0.102040816	-4.795918367	1.969715368
0.102040816	-4.591836735	1.994559339
0.102040816	-4.387755102	1.998858332
0.102040816	-4.183673469	1.982513451
0.102040816	-3.979591837	1.945855393
0.102040816	-3.775510204	1.889637566
0.102040816	-3.571428571	1.815020431
0.102040816	-3.367346939	1.723547379
0.102040816	-3.163265306	1.61711264
0.102040816	-2.959183673	1.497921912
0.102040816	-2.755102041	1.368446501
0.102040816	-2.551020408	1.231371953
0.102040816	-2.346938776	1.089542219
0.102040816	-2.142857143	0.945900538
0.102040816	-1.93877551	0.80342825
0.102040816	-1.734693878	0.665082815
0.102040816	-1.530612245	0.533736339
0.102040816	-1.326530612	0.412115859
0.102040816	-1.12244898	0.302746657
0.102040816	-0.918367347	0.207899764
0.102040816	-0.714285714	0.129544741
0.102040816	-0.510204082	0.069308745
0.102040816	-0.306122449	0.028442696
0.102040816	-0.102040816	0.007795273
0.102040816	0.102040816	0.007795273
0.102040816	0.306122449	0.028442696
0.102040816	0.510204082	0.069308745
0.102040816	0.714285714	0.129544741
0.102040816	0.918367347	0.207899764
0.102040816	1.12244898	0.302746657
0.102040816	1.326530612	0.412115859
0.102040816	1.530612245	0.533736339
0.102040816	1.734693878	0.665082815
0.102040816	1.93877551	0.80342825
0.102040816	2.142857143	0.945900538
0.102040816	2.346938776	1.089542219
0.102040816	2.551020408	1.231371953
0.102040816	2.755102041	1.368446501
0.102040816	2.959183673	1.497921912
0.102040816	3.163265306	1.61711264
0.102040816	3.367346939	1.723547379
0.102040816	3.571428571	1.815020431
0.102040816	3.775510204	1.889637566
0.102040816	3.979591837	1.945855393
0.102040816	4.183673469	1.982513451
0.102040816	4.387755102	1.998858332
0.102040816	4.591836735	1.994559339
0.102040816	4.795918367	1.969715368
0.102040816	5	1.924852845
0.306122449	-5	1.886747205
0.306122449	-4.795918367	1.929726967
0.306122449	-4.591836735	1.953519911
0.306122449	-4.387755102	1.957621459
0.306122449	-4.183673469	1.941936821
0.306122449	-3.979591837	1.906782967
0.306122449	-3.775510204	1.852882036
0.306122449	-3.571428571	1.781346325
0.306122449	-3.367346939	1.693655164
0.306122449	-3.163265306	1.591624166
0.306122449	-2.959183673	1.477367479
0.306122449	-2.755102041	1.353253839
0.306122449	-2.551020408	1.221857328
0.306122449	-2.346938776	1.085903859
0.306122449	-2.142857143	0.948214513
0.306122449	-1.93877551	0.811646887
0.306122449	-1.734693878	0.679035695
0.306122449	-1.530612245	0.553133834
0.306122449	-1.326530612	0.436555157
0.306122449	-1.12244898	0.331720134
0.306122449	-0.918367347	0.240805535
0.306122449	-0.714285714	0.165699177
0.306122449	-0.510204082	0.10796068
0.306122449	-0.306122449	0.068789046
0.306122449	-0.102040816	0.048997729
0.306122449	0.102040816	0.048997729
0.306122449	0.306122449	0.068789046
0.306122449	0.510204082	0.10796068
0.306122449	0.714285714	0.165699177
0.306122449	0.918367347	0.240805535
0.306122449	1.12244898	0.331720134
0.306122449	1.326530612	0.436555157
0.306122449	1.530612245	0.553133834
0.306122449	1.734693878	0.679035695
0.306122449	1.93877551	0.811646887
0.306122449	2.142857143	0.948214513
0.306122449	2.346938776	1.085903859
0.306122449	2.551020408	1.221857328
0.306122449	2.755102041	1.353253839
0.306122449	2.959183673	1.477367479
0.306122449	3.163265306	1.591624166
0.306122449	3.367346939	1.693655164
0.306122449	3.571428571	1.781346325
0.306122449	3.775510204	1.852882036
0.306122449	3.979591837	1.906782967
0.306122449	4.183673469	1.941936821
0.306122449	4.387755102	1.957621459
0.306122449	4.591836735	1.953519911
0.306122449	4.795918367	1.929726967
0.306122449	5	1.886747205
0.510204082	-5	1.812118363
0.510204082	-4.795918367	1.851410747
0.510204082	-4.591836735	1.873145259
0.510204082	-4.387755102	1.876860112
0.510204082	-4.183673469	1.862468556
0.510204082	-3.979591837	1.83026068
0.510204082	-3.775510204	1.780897379
0.510204082	-3.571428571	1.71539662
0.510204082	-3.367346939	1.635112275
0.510204082	-3.163265306	1.54170598
0.510204082	-2.959183673	1.437112588
0.510204082	-2.755102041	1.32349995
0.510204082	-2.551020408	1.203223846
0.510204082	-2.346938776	1.078779014
0.510204082	-2.142857143	0.952747285
0.510204082	-1.93877551	0.827743913
0.510204082	-1.734693878	0.706363206
0.510204082	-1.530612245	0.591124597
0.510204082	-1.326530612	0.484420265
0.510204082	-1.12244898	0.388465408
0.510204082	-0.918367347	0.305252188
0.510204082	-0.714285714	0.236508324
0.510204082	-0.510204082	0.183661168
0.510204082	-0.306122449	0.147808037
0.510204082	-0.102040816	0.1296934
0.510204082	0.102040816	0.1296934
0.510204082	0.306122449	0.147808037
0.510204082	0.510204082	0.183661168
0.510204082	0.714285714	0.236508324
0.510204082	0.918367347	0.305252188
0.510204082	1.12244898	0.388465408
0.510204082	1.326530612	0.484420265
0.510204082	1.530612245	0.591124597
0.510204082	1.734693878	0.706363206
0.510204082	1.93877551	0.827743913
0.510204082	2.142857143	0.952747285
0.510204082	2.346938776	1.078779014
0.510204082	2.551020408	1.203223846
0.510204082	2.755102041	1.32349995
0.510204082	2.959183673	1.437112588
0.510204082	3.163265306	1.54170598
0.510204082	3.367346939	1.635112275
0.510204082	3.571428571	1.71539662
0.510204082	3.775510204	1.780897379
0.510204082	3.979591837	1.83026068
0.510204082	4.183673469	1.862468556
0.510204082	4.387755102	1.876860112
0.510204082	4.591836735	1.873145259
0.510204082	4.795918367	1.851410747
0.510204082	5	1.812118363
0.714285714	-5	1.704065514
0.714285714	-4.795918367	1.738018948
0.714285714	-4.591836735	1.756773058
0.714285714	-4.387755102	1.759928017
0.714285714	-4.183673469	1.747408713
0.714285714	-3.979591837	1.719466314
0.714285714	-3.775510204	1.676673043
0.714285714	-3.571428571	1.619910284
0.714285714	-3.367346939	1.55035026
0.714285714	-3.163265306	1.469431663
0.714285714	-2.959183673	1.378829746
0.714285714	-2.755102041	1.280421497
0.714285714	-2.551020408	1.176246619
0.714285714	-2.346938776	1.068465128
0.714285714	-2.142857143	0.959312451
0.714285714	-1.93877551	0.851052948
0.714285714	-1.734693878	0.745932849
0.714285714	-1.530612245	0.646133552
0.714285714	-1.326530612	0.553726274
0.714285714	-1.12244898	0.470628998
0.714285714	-0.918367347	0.398566597
0.714285714	-0.714285714	0.339034981
0.714285714	-0.510204082	0.293269991
0.714285714	-0.306122449	0.262221717
0.714285714	-0.102040816	0.246534742
0.714285714	0.102040816	0.246534742
0.714285714	0.306122449	0.262221717
0.714285714	0.510204082	0.293269991
0.714285714	0.714285714	0.339034981
0.714285714	0.918367347	0.398566597
0.714285714	1.12244898	0.470628998
0.714285714	1.326530612	0.553726274
0.714285714	1.530612245	0.646133552
0.714285714	1.734693878	0.745932849
0.714285714	1.93877551	0.851052948
0.714285714	2.142857143	0.959312451
0.714285714	2.346938776	1.068465128
0.714285714	2.551020408	1.176246619
0.714285714	2.755102041	1.280421497
0.714285714	2.959183673	1.378829746
0.714285714	3.163265306	1.469431663
0.714285714	3.367346939	1.55035026
0.714285714	3.571428571	1.619910284
0.714285714	3.775510204	1.676673043
0.714285714	3.979591837	1.719466314
0.714285714	4.183673469	1.747408713
0.714285714	4.387755102	1.759928017
0.714285714	4.591836735	1.756773058
0.714285714	4.795918367	1.738018948
0.714285714	5	1.704065514
0.918367347	-5	1.56707598
0.918367347	-4.795918367	1.594260484
0.918367347	-4.591836735	1.609235924
0.918367347	-4.387755102	1.611681027
0.918367347	-4.183673469	1.601535438
0.918367347	-3.979591837	1.579000977
0.918367347	-3.775510204	1.544537446
0.918367347	-3.571428571	1.498853066
0.918367347	-3.367346939	1.442889755
0.918367347	-3.163265306	1.37780355
0.918367347	-2.959183673	1.304940572
0.918367347	-2.755102041	1.225809041
0.918367347	-2.551020408	1.142047927
0.918367347	-2.346938776	1.055392873
0.918367347	-2.142857143	0.967640116
0.918367347	-1.93877551	0.880609146
0.918367347	-1.734693878	0.796104881
0.918367347	-1.530612245	0.715880146
0.918367347	-1.326530612	0.641599232
0.918367347	-1.12244898	0.5748033
0.918367347	-0.918367347	0.516878345
0.918367347	-0.714285714	0.469026375
0.918367347	-0.510204082	0.432240433
0.918367347	-0.306122449	0.407283945
0.918367347	-0.102040816	0.394674856
0.918367347	0.102040816	0.394674856
0.918367347	0.306122449	0.407283945
0.918367347	0.510204082	0.432240433
0.918367347	0.714285714	0.469026375
0.918367347	0.918367347	0.516878345
0.918367347	1.12244898	0.5748033
0.918367347	1.326530612	0.641599232
0.918367347	1.530612245	0.715880146
0.918367347	1.734693878	0.796104881
0.918367347	1.93877551	0.880609146
0.918367347	2.142857143	0.967640116
0.918367347	2.346938776	1.055392873
0.918367347	2.551020408	1.142047927
0.918367347	2.755102041	1.225809041
0.918367347	2.959183673	1.304940572
0.918367347	3.163265306	1.37780355
0.918367347	3.367346939	1.442889755
0.918367347	3.571428571	1.498853066
0.918367347	3.775510204	1.544537446
0.918367347	3.979591837	1.579000977
0.918367347	4.183673469	1.601535438
0.918367347	4.387755102	1.611681027
0.918367347	4.591836735	1.609235924
0.918367347	4.795918367	1.594260484
0.918367347	5	1.56707598
1.12244898	-5	1.406838964
1.12244898	-4.795918367	1.426105501
1.12244898	-4.591836735	1.436660838
1.12244898	-4.387755102	1.438275585
1.12244898	-4.183673469	1.430906652
1.12244898	-3.979591837	1.414698136
1.12244898	-3.775510204	1.38997833
1.12244898	-3.571428571	1.357252899
1.12244898	-3.367346939	1.317194362
1.12244898	-3.163265306	1.27062812
1.12244898	-2.959183673	1.21851529
1.12244898	-2.755102041	1.161932729
1.12244898	-2.551020408	1.102050643
1.12244898	-2.346938776	1.040108268
1.12244898	-2.142857143	0.977388099
1.12244898	-1.93877551	0.915189235
1.12244898	-1.734693878	0.854800371
1.12244898	-1.530612245	0.797473008
1.12244898	-1.326530612	0.744395433
1.12244898	-1.12244898	0.696668023
1.12244898	-0.918367347	0.655280363
1.12244898	-0.714285714	0.621090678
1.12244898	-0.510204082	0.594807989
1.12244898	-0.306122449	0.576977377
1.12244898	-0.102040816	0.567968648
1.12244898	0.102040816	0.567968648
1.12244898	0.306122449	0.576977377
1.12244898	0.510204082	0.594807989
1.12244898	0.714285714	0.621090678
1.12244898	0.918367347	0.655280363
1.12244898	1.12244898	0.696668023
1.12244898	1.326530612	0.744395433
1.12244898	1.530612245	0.797473008
1.12244898	1.734693878	0.854800371
1.12244898	1.93877551	0.915189235
1.12244898	2.142857143	0.977388099
1.12244898	2.346938776	1.040108268
1.12244898	2.551020408	1.102050643
1.12244898	2.755102041	1.161932729
1.12244898	2.959183673	1.21851529
1.12244898	3.163265306	1.27062812
1.12244898	3.367346939	1.317194362
1.12244898	3.571428571	1.357252899
1.12244898	3.775510204	1.38997833
1.12244898	3.979591837	1.414698136
1.12244898	4.183673469	1.430906652
1.12244898	4.387755102	1.438275585
1.12244898	4.591836735	1.436660838
1.12244898	4.795918367	1.426105501
1.12244898	5	1.406838964
1.326530612	-5	1.230009417
1.326530612	-4.795918367	1.240537588
1.326530612	-4.591836735	1.246214842
1.326530612	-4.387755102	1.246913199
1.326530612	-4.183673469	1.242608618
1.326530612	-3.979591837	1.233381493
1.326530612	-3.775510204	1.219414986
1.326530612	-3.571428571	1.200991212
1.326530612	-3.367346939	1.178485385
1.326530612	-3.163265306	1.152358007
1.326530612	-2.959183673	1.123145301
1.326530612	-2.755102041	1.091448065
1.326530612	-2.551020408	1.057919175
1.326530612	-2.346938776	1.023250022
1.326530612	-2.142857143	0.988156131
1.326530612	-1.93877551	0.953362292
1.326530612	-1.734693878	0.919587487
1.326530612	-1.530612245	0.887529951
1.326530612	-1.326530612	0.857852648
1.326530612	-1.12244898	0.831169498
1.326530612	-0.918367347	0.808032605
1.326530612	-0.714285714	0.788920787
1.326530612	-0.510204082	0.774229621
1.326530612	-0.306122449	0.764263214
1.326530612	-0.102040816	0.759227889
1.326530612	0.102040816	0.759227889
1.326530612	0.306122449	0.764263214
1.326530612	0.510204082	0.774229621
1.326530612	0.714285714	0.788920787
1.326530612	0.918367347	0.808032605
1.326530612	1.12244898	0.831169498
1.326530612	1.326530612	0.857852648
1.326530612	1.530612245	0.887529951
1.326530612	1.734693878	0.919587487
1.326530612	1.93877551	0.953362292
1.326530612	2.142857143	0.988156131
1.326530612	2.346938776	1.023250022
1.326530612	2.551020408	1.057919175
1.326530612	2.755102041	1.091448065
1.326530612	2.959183673	1.123145301
1.326530612	3.163265306	1.152358007
1.326530612	3.367346939	1.178485385
1.326530612	3.571428571	1.200991212
1.326530612	3.775510204	1.219414986
1.326530612	3.979591837	1.233381493
1.326530612	4.183673469	1.242608618
1.326530612	4.387755102	1.246913199
1.326530612	4.591836735	1.246214842
1.326530612	4.795918367	1.240537588
1.326530612	5	1.230009417
1.530612245	-5	1.043931828
1.530612245	-4.795918367	1.045263918
1.530612245	-4.591836735	1.045807575
1.530612245	-4.387755102	1.045541542
1.530612245	-4.183673469	1.044461824
1.530612245	-3.979591837	1.042581776
1.530612245	-3.775510204	1.039931822
1.530612245	-3.571428571	1.036558828
1.530612245	-3.367346939	1.032525119
1.530612245	-3.163265306	1.027907191
1.530612245	-2.959183673	1.022794117
1.530612245	-2.755102041	1.017285698
1.530612245	-2.551020408	1.011490383
1.530612245	-2.346938776	1.005523022
1.530612245	-2.142857143	0.999502473
1.530612245	-1.93877551	0.993549131
1.530612245	-1.734693878	0.987782429
1.530612245	-1.530612245	0.982318351
1.530612245	-1.326530612	0.977267026
1.530612245	-1.12244898	0.972730431
1.530612245	-0.918367347	0.968800279
1.530612245	-0.714285714	0.965556108
1.530612245	-0.510204082	0.963063627
1.530612245	-0.306122449	0.961373353
1.530612245	-0.102040816	0.960519557
1.530612245	0.102040816	0.960519557
1.530612245	0.306122449	0.961373353
1.530612245	0.510204082	0.963063627
1.530612245	0.714285714	0.965556108
1.530612245	0.918367347	0.968800279
1.530612245	1.12244898	0.972730431
1.530612245	1.326530612	0.977267026
1.530612245	1.530612245	0.982318351
1.530612245	1.734693878	0.987782429
1.530612245	1.93877551	0.993549131
1.530612245	2.142857143	0.999502473
1.530612245	2.346938776	1.005523022
1.530612245	2.551020408	1.011490383
1.530612245	2.755102041	1.017285698
1.530612245	2.959183673	1.022794117
1.530612245	3.163265306	1.027907191
1.530612245	3.367346939	1.032525119
1.530612245	3.571428571	1.036558828
1.530612245	3.775510204	1.039931822
1.530612245	3.979591837	1.042581776
1.530612245	4.183673469	1.044461824
1.530612245	4.387755102	1.045541542
1.530612245	4.591836735	1.045807575
1.530612245	4.795918367	1.045263918
1.530612245	5	1.043931828
1.734693878	-5	0.856335391
1.734693878	-4.795918367	0.848395367
1.734693878	-4.591836735	0.843762984
1.734693878	-4.387755102	0.842524586
1.734693878	-4.183673469	0.844696394
1.734693878	-3.979591837	0.850224167
1.734693878	-3.775510204	0.858984332
1.734693878	-3.571428571	0.870786555
1.734693878	-3.367346939	0.88537769
1.734693878	-3.163265306	0.90244705
1.734693878	-2.959183673	0.921632861
1.734693878	-2.755102041	0.942529784
1.734693878	-2.551020408	0.964697343
1.734693878	-2.346938776	0.987669077
1.734693878	-2.142857143	1.010962244
1.734693878	-1.93877551	1.034087849
1.734693878	-1.734693878	1.056560817
1.734693878	-1.530612245	1.077910071
1.734693878	-1.326530612	1.097688327
1.734693878	-1.12244898	1.115481394
1.734693878	-0.918367347	1.130916783
1.734693878	-0.714285714	1.143671449
1.734693878	-0.510204082	1.153478511
1.734693878	-0.306122449	1.160132795
1.734693878	-0.102040816	1.163495102
1.734693878	0.102040816	1.163495102
1.734693878	0.306122449	1.160132795
1.734693878	0.510204082	1.153478511
1.734693878	0.714285714	1.143671449
1.734693878	0.918367347	1.130916783
1.734693878	1.12244898	1.115481394
1.734693878	1.326530612	1.097688327
1.734693878	1.530612245	1.077910071
1.734693878	1.734693878	1.056560817
1.734693878	1.93877551	1.034087849
1.734693878	2.142857143	1.010962244
1.734693878	2.346938776	0.987669077
1.734693878	2.551020408	0.964697343
1.734693878	2.755102041	0.942529784
1.734693878	2.959183673	0.921632861
1.734693878	3.163265306	0.90244705
1.734693878	3.367346939	0.88537769
1.734693878	3.571428571	0.870786555
1.734693878	3.775510204	0.858984332
1.734693878	3.979591837	0.850224167
1.734693878	4.183673469	0.844696394
1.734693878	4.387755102	0.842524586
1.734693878	4.591836735	0.843762984
1.734693878	4.795918367	0.848395367
1.734693878	5	0.856335391
1.93877551	-5	0.675013201
1.93877551	-4.795918367	0.65810987
1.93877551	-4.591836735	0.648473834
1.93877551	-4.387755102	0.646295457
1.93877551	-4.183673469	0.651610498
1.93877551	-3.979591837	0.664299376
1.93877551	-3.775510204	0.684089648
1.93877551	-3.571428571	0.710561678
1.93877551	-3.367346939	0.743157359
1.93877551	-3.163265306	0.781191715
1.93877551	-2.959183673	0.82386714
1.93877551	-2.755102041	0.87028998
1.93877551	-2.551020408	0.919489112
1.93877551	-2.346938776	0.970436129
1.93877551	-2.142857143	1.022066722
1.93877551	-1.93877551	1.073302804
1.93877551	-1.734693878	1.123074924
1.93877551	-1.530612245	1.170344494
1.93877551	-1.326530612	1.214125385
1.93877551	-1.12244898	1.253504428
1.93877551	-0.918367347	1.28766039
1.93877551	-0.714285714	1.315881055
1.93877551	-0.510204082	1.337578025
1.93877551	-0.306122449	1.352298953
1.93877551	-0.102040816	1.359736946
1.93877551	0.102040816	1.359736946
1.93877551	0.306122449	1.352298953
1.93877551	0.510204082	1.337578025
1.93877551	0.714285714	1.315881055
1.93877551	0.918367347	1.28766039
1.93877551	1.12244898	1.253504428
1.93877551	1.326530612	1.214125385
1.93877551	1.530612245	1.170344494
1.93877551	1.734693878	1.123074924
1.93877551	1.93877551	1.073302804
1.93877551	2.142857143	1.022066722
1.93877551	2.346938776	0.970436129
1.93877551	2.551020408	0.919489112
1.93877551	2.755102041	0.87028998
1.93877551	2.959183673	0.82386714
1.93877551	3.163265306	0.781191715
1.93877551	3.367346939	0.743157359
1.93877551	3.571428571	0.710561678
1.93877551	3.775510204	0.684089648
1.93877551	3.979591837	0.664299376
1.93877551	4.183673469	0.651610498
1.93877551	4.387755102	0.646295457
1.93877551	4.591836735	0.648473834
1.93877551	4.795918367	0.65810987
1.93877551	5	0.675013201
2.142857143	-5	0.507498809
2.142857143	-4.795918367	0.482312998
2.142857143	-4.591836735	0.468053374
2.142857143	-4.387755102	0.465006414
2.142857143	-4.183673469	0.473225939
2.142857143	-3.979591837	0.492531983
2.142857143	-3.775510204	0.522514545
2.142857143	-3.571428571	0.562542105
2.142857143	-3.367346939	0.611774756
2.142857143	-3.163265306	0.669181664
2.142857143	-2.959183673	0.733562495
2.142857143	-2.755102041	0.803572374
2.142857143	-2.551020408	0.877749834
2.142857143	-2.346938776	0.954547208
2.142857143	-2.142857143	1.032362795
2.142857143	-1.93877551	1.10957416
2.142857143	-1.734693878	1.184571862
2.142857143	-1.530612245	1.255792912
2.142857143	-1.326530612	1.321753265
2.142857143	-1.12244898	1.381078671
2.142857143	-0.918367347	1.432533244
2.142857143	-0.714285714	1.475045153
2.142857143	-0.510204082	1.507728906
2.142857143	-0.306122449	1.529903758
2.142857143	-0.102040816	1.541107858
2.142857143	0.102040816	1.541107858
2.142857143	0.306122449	1.529903758
2.142857143	0.510204082	1.507728906
2.142857143	0.714285714	1.475045153
2.142857143	0.918367347	1.432533244
2.142857143	1.12244898	1.381078671
2.142857143	1.326530612	1.321753265
2.142857143	1.530612245	1.255792912
2.142857143	1.734693878	1.184571862
2.142857143	1.93877551	1.10957416
2.142857143	2.142857143	1.032362795
2.142857143	2.346938776	0.954547208
2.142857143	2.551020408	0.877749834
2.142857143	2.755102041	0.803572374
2.142857143	2.959183673	0.733562495
2.142857143	3.163265306	0.669181664
2.142857143	3.367346939	0.611774756
2.142857143	3.571428571	0.562542105
2.142857143	3.775510204	0.522514545
2.142857143	3.979591837	0.492531983
2.142857143	4.183673469	0.473225939
2.142857143	4.387755102	0.465006414
2.142857143	4.591836735	0.468053374
2.142857143	4.795918367	0.482312998
2.142857143	5	0.507498809
2.346938776	-5	0.360753534
2.346938776	-4.795918367	0.328309837
2.346938776	-4.591836735	0.309998588
2.346938776	-4.387755102	0.306190497
2.346938776	-4.183673469	0.316955202
2.346938776	-3.979591837	0.34205983
2.346938776	-3.775510204	0.380973834
2.346938776	-3.571428571	0.432880024
2.346938776	-3.367346939	0.496691552
2.346938776	-3.163265306	0.571074511
2.346938776	-2.959183673	0.654475661
2.346938776	-2.755102041	0.74515472
2.346938776	-2.551020408	0.841220541
2.346938776	-2.346938776	0.940670428
2.346938776	-2.142857143	1.041431768
2.346938776	-1.93877551	1.141405118
2.346938776	-1.734693878	1.238507847
2.346938776	-1.530612245	1.330717436
2.346938776	-1.326530612	1.416113519
2.346938776	-1.12244898	1.492917804
2.346938776	-0.918367347	1.559531045
2.346938776	-0.714285714	1.614566286
2.346938776	-0.510204082	1.656877692
2.346938776	-0.306122449	1.685584372
2.346938776	-0.102040816	1.700088691
2.346938776	0.102040816	1.700088691
2.346938776	0.306122449	1.685584372
2.346938776	0.510204082	1.656877692
2.346938776	0.714285714	1.614566286
2.346938776	0.918367347	1.559531045
2.346938776	1.12244898	1.492917804
2.346938776	1.326530612	1.416113519
2.346938776	1.530612245	1.330717436
2.346938776	1.734693878	1.238507847
2.346938776	1.93877551	1.141405118
2.346938776	2.142857143	1.041431768
2.346938776	2.346938776	0.940670428
2.346938776	2.551020408	0.841220541
2.346938776	2.755102041	0.74515472
2.346938776	2.959183673	0.654475661
2.346938776	3.163265306	0.571074511
2.346938776	3.367346939	0.496691552
2.346938776	3.571428571	0.432880024
2.346938776	3.775510204	0.380973834
2.346938776	3.979591837	0.34205983
2.346938776	4.183673469	0.316955202
2.346938776	4.387755102	0.306190497
2.346938776	4.591836735	0.309998588
2.346938776	4.795918367	0.328309837
2.346938776	5	0.360753534
2.551020408	-5	0.240877541
2.551020408	-4.795918367	0.202501787
2.551020408	-4.591836735	0.180879044
2.551020408	-4.387755102	0.176448859
2.551020408	-4.183673469	0.189293805
2.551020408	-3.979591837	0.219137763
2.551020408	-3.775510204	0.265351664
2.551020408	-3.571428571	0.326966561
2.551020408	-3.367346939	0.402693779
2.551020408	-3.163265306	0.490951699
2.551020408	-2.959183673	0.589898641
2.551020408	-2.755102041	0.697471149
2.551020408	-2.551020408	0.811426886
2.551020408	-2.346938776	0.929391251
2.551020408	-2.142857143	1.048906742
2.551020408	-1.93877551	1.167484043
2.551020408	-1.734693878	1.282653776
2.551020408	-1.530612245	1.392017835
2.551020408	-1.326530612	1.493299235
2.551020408	-1.12244898	1.584389455
2.551020408	-0.918367347	1.663392264
2.551020408	-0.714285714	1.728663144
2.551020408	-0.510204082	1.778843476
2.551020408	-0.306122449	1.812888787
2.551020408	-0.102040816	1.830090458
2.551020408	0.102040816	1.830090458
2.551020408	0.306122449	1.812888787
2.551020408	0.510204082	1.778843476
2.551020408	0.714285714	1.728663144
2.551020408	0.918367347	1.663392264
2.551020408	1.12244898	1.584389455
2.551020408	1.326530612	1.493299235
2.551020408	1.530612245	1.392017835
2.551020408	1.734693878	1.282653776
2.551020408	1.93877551	1.167484043
2.551020408	2.142857143	1.048906742
2.551020408	2.346938776	0.929391251
2.551020408	2.551020408	0.811426886
2.551020408	2.755102041	0.697471149
2.551020408	2.959183673	0.589898641
2.551020408	3.163265306	0.490951699
2.551020408	3.367346939	0.402693779
2.551020408	3.571428571	0.326966561
2.551020408	3.775510204	0.265351664
2.551020408	3.979591837	0.219137763
2.551020408	4.183673469	0.189293805
2.551020408	4.387755102	0.176448859
2.551020408	4.591836735	0.180879044
2.551020408	4.795918367	0.202501787
2.551020408	5	0.240877541
2.755102041	-5	0.15285665
2.755102041	-4.795918367	0.11012088
2.755102041	-4.591836735	0.086064213
2.755102041	-4.387755102	0.081176794
2.755102041	-4.183673469	0.095550701
2.755102041	-3.979591837	0.128878032
2.755102041	-3.775510204	0.1804573
2.755102041	-3.571428571	0.249208024
2.755102041	-3.367346939	0.333693182
2.755102041	-3.163265306	0.432149092
2.755102041	-2.959183673	0.542522073
2.755102041	-2.755102041	0.662511137
2.755102041	-2.551020408	0.789615826
2.755102041	-2.346938776	0.921188191
2.755102041	-2.142857143	1.05448784
2.755102041	-1.93877551	1.186738903
2.755102041	-1.734693878	1.315187746
2.755102041	-1.530612245	1.437160209
2.755102041	-1.326530612	1.550117197
2.755102041	-1.12244898	1.65170747
2.755102041	-0.918367347	1.739816516
2.755102041	-0.714285714	1.812610512
2.755102041	-0.510204082	1.868574446
2.755102041	-0.306122449	1.906543609
2.755102041	-0.102040816	1.925727813
2.755102041	0.102040816	1.925727813
2.755102041	0.306122449	1.906543609
2.755102041	0.510204082	1.868574446
2.755102041	0.714285714	1.812610512
2.755102041	0.918367347	1.739816516
2.755102041	1.12244898	1.65170747
2.755102041	1.326530612	1.550117197
2.755102041	1.530612245	1.437160209
2.755102041	1.734693878	1.315187746
2.755102041	1.93877551	1.186738903
2.755102041	2.142857143	1.05448784
2.755102041	2.346938776	0.921188191
2.755102041	2.551020408	0.789615826
2.755102041	2.755102041	0.662511137
2.755102041	2.959183673	0.542522073
2.755102041	3.163265306	0.432149092
2.755102041	3.367346939	0.333693182
2.755102041	3.571428571	0.249208024
2.755102041	3.775510204	0.1804573
2.755102041	3.979591837	0.128878032
2.755102041	4.183673469	0.095550701
2.755102041	4.387755102	0.081176794
2.755102041	4.591836735	0.086064213
2.755102041	4.795918367	0.11012088
2.755102041	5	0.15285665
2.959183673	-5	0.1003554
2.959183673	-4.795918367	0.055012617
2.959183673	-4.591836735	0.029500617
2.959183673	-4.387755102	0.024339801
2.959183673	-4.183673469	0.039627931
2.959183673	-3.979591837	0.075038097
2.959183673	-3.775510204	0.129825516
2.959183673	-3.571428571	0.202843012
2.959183673	-3.367346939	0.292564864
2.959183673	-3.163265306	0.397118527
2.959183673	-2.959183673	0.514323556
2.959183673	-2.755102041	0.641736935
2.959183673	-2.551020408	0.776703865
2.959183673	-2.346938776	0.916412952
2.959183673	-2.142857143	1.057954654
2.959183673	-1.93877551	1.198381762
2.959183673	-1.734693878	1.334770673
2.959183673	-1.530612245	1.464282162
2.959183673	-1.326530612	1.584220413
2.959183673	-1.12244898	1.692089053
2.959183673	-0.918367347	1.785643053
2.959183673	-0.714285714	1.862935396
2.959183673	-0.510204082	1.922357557
2.959183673	-0.306122449	1.962672936
2.959183673	-0.102040816	1.98304257
2.959183673	0.102040816	1.98304257
2.959183673	0.306122449	1.962672936
2.959183673	0.510204082	1.922357557
2.959183673	0.714285714	1.862935396
2.959183673	0.918367347	1.785643053
2.959183673	1.12244898	1.692089053
2.959183673	1.326530612	1.584220413
2.959183673	1.530612245	1.464282162
2.959183673	1.734693878	1.334770673
2.959183673	1.93877551	1.198381762
2.959183673	2.142857143	1.057954654
2.959183673	2.346938776	0.916412952
2.959183673	2.551020408	0.776703865
2.959183673	2.755102041	0.641736935
2.959183673	2.959183673	0.514323556
2.959183673	3.163265306	0.397118527
2.959183673	3.367346939	0.292564864
2.959183673	3.571428571	0.202843012
2.959183673	3.775510204	0.129825516
2.959183673	3.979591837	0.075038097
2.959183673	4.183673469	0.039627931
2.959183673	4.387755102	0.024339801
2.959183673	4.591836735	0.029500617
2.959183673	4.795918367	0.055012617
2.959183673	5	0.1003554
3.163265306	-5	0.085564955
3.163265306	-4.795918367	0.039476364
3.163265306	-4.591836735	0.013548027
3.163265306	-4.387755102	0.008308998
3.163265306	-4.183673469	0.023858666
3.163265306	-3.979591837	0.059864685
3.163265306	-3.775510204	0.115569882
3.163265306	-3.571428571	0.189808004
3.163265306	-3.367346939	0.281027955
3.163265306	-3.163265306	0.387326046
3.163265306	-2.959183673	0.506485568
3.163265306	-2.755102041	0.636022874
3.163265306	-2.551020408	0.773239012
3.163265306	-2.346938776	0.915275831
3.163265306	-2.142857143	1.059175396
3.163265306	-1.93877551	1.201941484
3.163265306	-1.734693878	1.340601867
3.163265306	-1.530612245	1.4722701
3.163265306	-1.326530612	1.594205531
3.163265306	-1.12244898	1.703870269
3.163265306	-0.918367347	1.798981946
3.163265306	-0.714285714	1.877561164
3.163265306	-0.510204082	1.937972645
3.163265306	-0.306122449	1.978959223
3.163265306	-0.102040816	1.99966798
3.163265306	0.102040816	1.99966798
3.163265306	0.306122449	1.978959223
3.163265306	0.510204082	1.937972645
3.163265306	0.714285714	1.877561164
3.163265306	0.918367347	1.798981946
3.163265306	1.12244898	1.703870269
3.163265306	1.326530612	1.594205531
3.163265306	1.530612245	1.4722701
3.163265306	1.734693878	1.340601867
3.163265306	1.93877551	1.201941484
3.163265306	2.142857143	1.059175396
3.163265306	2.346938776	0.915275831
3.163265306	2.551020408	0.773239012
3.163265306	2.755102041	0.636022874
3.163265306	2.959183673	0.506485568
3.163265306	3.163265306	0.387326046
3.163265306	3.367346939	0.281027955
3.163265306	3.571428571	0.189808004
3.163265306	3.775510204	0.115569882
3.163265306	3.979591837	0.059864685
3.163265306	4.183673469	0.023858666
3.163265306	4.387755102	0.008308998
3.163265306	4.591836735	0.013548027
3.163265306	4.795918367	0.039476364
3.163265306	5	0.085564955
3.367346939	-5	0.109112155
3.367346939	-4.795918367	0.064169918
3.367346939	-4.591836735	0.038881519
3.367346939	-4.387755102	0.033762708
3.367346939	-4.183673469	0.048910375
3.367346939	-3.979591837	0.08400053
3.367346939	-3.775510204	0.138295043
3.367346939	-3.571428571	0.210656983
3.367346939	-3.367346939	0.299574259
3.367346939	-3.163265306	0.403191051
3.367346939	-2.959183673	0.51934639
3.367346939	-2.755102041	0.645619083
3.367346939	-2.551020408	0.779378042
3.367346939	-2.346938776	0.917836988
3.367346939	-2.142857143	1.058112364
3.367346939	-1.93877551	1.197283288
3.367346939	-1.734693878	1.33245227
3.367346939	-1.530612245	1.460805449
3.367346939	-1.326530612	1.579671085
3.367346939	-1.12244898	1.686575104
3.367346939	-0.918367347	1.77929253
3.367346939	-0.714285714	1.855893738
3.367346939	-0.510204082	1.91478457
3.367346939	-0.306122449	1.954739472
3.367346939	-0.102040816	1.974926974
3.367346939	0.102040816	1.974926974
3.367346939	0.306122449	1.954739472
3.367346939	0.510204082	1.91478457
3.367346939	0.714285714	1.855893738
3.367346939	0.918367347	1.77929253
3.367346939	1.12244898	1.686575104
3.367346939	1.326530612	1.579671085
3.367346939	1.530612245	1.460805449
3.367346939	1.734693878	1.33245227
3.367346939	1.93877551	1.197283288
3.367346939	2.142857143	1.058112364
3.367346939	2.346938776	0.917836988
3.367346939	2.551020408	0.779378042
3.367346939	2.755102041	0.645619083
3.367346939	2.959183673	0.51934639
3.367346939	3.163265306	0.403191051
3.367346939	3.367346939	0.299574259
3.367346939	3.571428571	0.210656983
3.367346939	3.775510204	0.138295043
3.367346939	3.979591837	0.08400053
3.367346939	4.183673469	0.048910375
3.367346939	4.387755102	0.033762708
3.367346939	4.591836735	0.038881519
3.367346939	4.795918367	0.064169918
3.367346939	5	0.109112155
3.571428571	-5	0.170033505
3.571428571	-4.795918367	0.128082204
3.571428571	-4.591836735	0.104463457
3.571428571	-4.387755102	0.099658305
3.571428571	-4.183673469	0.113757116
3.571428571	-3.979591837	0.146457707
3.571428571	-3.775510204	0.19707162
3.571428571	-3.571428571	0.264538441
3.571428571	-3.367346939	0.347447841
3.571428571	-3.163265306	0.444068894
3.571428571	-2.959183673	0.552386064
3.571428571	-2.755102041	0.670141099
3.571428571	-2.551020408	0.794879984
3.571428571	-2.346938776	0.924003952
3.571428571	-2.142857143	1.054823507
3.571428571	-1.93877551	1.184614341
3.571428571	-1.734693878	1.310673962
3.571428571	-1.530612245	1.430377877
3.571428571	-1.326530612	1.541234154
3.571428571	-1.12244898	1.640935222
3.571428571	-0.918367347	1.727405843
3.571428571	-0.714285714	1.798846254
3.571428571	-0.510204082	1.853769583
3.571428571	-0.306122449	1.891032753
3.571428571	-0.102040816	1.909860253
3.571428571	0.102040816	1.909860253
3.571428571	0.306122449	1.891032753
3.571428571	0.510204082	1.853769583
3.571428571	0.714285714	1.798846254
3.571428571	0.918367347	1.727405843
3.571428571	1.12244898	1.640935222
3.571428571	1.326530612	1.541234154
3.571428571	1.530612245	1.430377877
3.571428571	1.734693878	1.310673962
3.571428571	1.93877551	1.184614341
3.571428571	2.142857143	1.054823507
3.571428571	2.346938776	0.924003952
3.571428571	2.551020408	0.794879984
3.571428571	2.755102041	0.670141099
3.571428571	2.959183673	0.552386064
3.571428571	3.163265306	0.444068894
3.571428571	3.367346939	0.347447841
3.571428571	3.571428571	0.264538441
3.571428571	3.775510204	0.19707162
3.571428571	3.979591837	0.146457707
3.571428571	4.183673469	0.113757116
3.571428571	4.387755102	0.099658305
3.571428571	4.591836735	0.104463457
3.571428571	4.795918367	0.128082204
3.571428571	5	0.170033505
3.775510204	-5	0.26581516
3.775510204	-4.795918367	0.228575238
3.775510204	-4.591836735	0.207586558
3.775510204	-4.387755102	0.203275488
3.775510204	-4.183673469	0.215722123
3.775510204	-3.979591837	0.244658625
3.775510204	-3.775510204	0.289474789
3.775510204	-3.571428571	0.349230726
3.775510204	-3.367346939	0.422676404
3.775510204	-3.163265306	0.508277637
3.775510204	-2.959183673	0.604247972
3.775510204	-2.755102041	0.708585832
3.775510204	-2.551020408	0.819116124
3.775510204	-2.346938776	0.933535457
3.775510204	-2.142857143	1.049460024
3.775510204	-1.93877551	1.164475161
3.775510204	-1.734693878	1.276185542
3.775510204	-1.530612245	1.382264973
3.775510204	-1.326530612	1.480504756
3.775510204	-1.12244898	1.568859598
3.775510204	-0.918367347	1.645490133
3.775510204	-0.714285714	1.708801159
3.775510204	-0.510204082	1.7574748
3.775510204	-0.306122449	1.790497905
3.775510204	-0.102040816	1.807183104
3.775510204	0.102040816	1.807183104
3.775510204	0.306122449	1.790497905
3.775510204	0.510204082	1.7574748
3.775510204	0.714285714	1.708801159
3.775510204	0.918367347	1.645490133
3.775510204	1.12244898	1.568859598
3.775510204	1.326530612	1.480504756
3.775510204	1.530612245	1.382264973
3.775510204	1.734693878	1.276185542
3.775510204	1.93877551	1.164475161
3.775510204	2.142857143	1.049460024
3.775510204	2.346938776	0.933535457
3.775510204	2.551020408	0.819116124
3.775510204	2.755102041	0.708585832
3.775510204	2.959183673	0.604247972
3.775510204	3.163265306	0.508277637
3.775510204	3.367346939	0.422676404
3.775510204	3.571428571	0.349230726
3.775510204	3.775510204	0.289474789
3.775510204	3.979591837	0.244658625
3.775510204	4.183673469	0.215722123
3.775510204	4.387755102	0.203275488
3.775510204	4.591836735	0.207586558
3.775510204	4.795918367	0.228575238
3.775510204	5	0.26581516
3.979591837	-5	0.392497265
3.979591837	-4.795918367	0.361493619
3.979591837	-4.591836735	0.343986262
3.979591837	-4.387755102	0.340329188
3.979591837	-4.183673469	0.350588898
3.979591837	-3.979591837	0.374543018
3.979591837	-3.775510204	0.411684917
3.979591837	-3.571428571	0.461234244
3.979591837	-3.367346939	0.522153148
3.979591837	-3.163265306	0.593167855
3.979591837	-2.959183673	0.672795146
3.979591837	-2.755102041	0.759373191
3.979591837	-2.551020408	0.851096099
3.979591837	-2.346938776	0.946051456
3.979591837	-2.142857143	1.042260083
3.979591837	-1.93877551	1.137717182
3.979591837	-1.734693878	1.230434009
3.979591837	-1.530612245	1.31847922
3.979591837	-1.326530612	1.40001902
3.979591837	-1.12244898	1.473355286
3.979591837	-0.918367347	1.536960866
3.979591837	-0.714285714	1.589511327
3.979591837	-0.510204082	1.629912492
3.979591837	-0.306122449	1.657323179
3.979591837	-0.102040816	1.671172694
3.979591837	0.102040816	1.671172694
3.979591837	0.306122449	1.657323179
3.979591837	0.510204082	1.629912492
3.979591837	0.714285714	1.589511327
3.979591837	0.918367347	1.536960866
3.979591837	1.12244898	1.473355286
3.979591837	1.326530612	1.40001902
3.979591837	1.530612245	1.31847922
3.979591837	1.734693878	1.230434009
3.979591837	1.93877551	1.137717182
3.979591837	2.142857143	1.042260083
3.979591837	2.346938776	0.946051456
3.979591837	2.551020408	0.851096099
3.979591837	2.755102041	0.759373191
3.979591837	2.959183673	0.672795146
3.979591837	3.163265306	0.593167855
3.979591837	3.367346939	0.522153148
3.979591837	3.571428571	0.461234244
3.979591837	3.775510204	0.411684917
3.979591837	3.979591837	0.374543018
3.979591837	4.183673469	0.350588898
3.979591837	4.387755102	0.340329188
3.979591837	4.591836735	0.343986262
3.979591837	4.795918367	0.361493619
3.979591837	5	0.392497265
4.183673469	-5	0.544838305
4.183673469	-4.795918367	0.521336997
4.183673469	-4.591836735	0.508017725
4.183673469	-4.387755102	0.505147419
4.183673469	-4.183673469	0.512776226
4.183673469	-3.979591837	0.530736461
4.183673469	-3.775510204	0.5586461
4.183673469	-3.571428571	0.595916717
4.183673469	-3.367346939	0.641765717
4.183673469	-3.163265306	0.695232606
4.183673469	-2.959183673	0.755198961
4.183673469	-2.755102041	0.820411673
4.183673469	-2.551020408	0.889509005
4.183673469	-2.346938776	0.961048895
4.183673469	-2.142857143	1.03353894
4.183673469	-1.93877551	1.105467414
4.183673469	-1.734693878	1.1753347
4.183673469	-1.530612245	1.241684463
4.183673469	-1.326530612	1.303133925
4.183673469	-1.12244898	1.358402611
4.183673469	-0.918367347	1.406338967
4.183673469	-0.714285714	1.445944302
4.183673469	-0.510204082	1.476393547
4.183673469	-0.306122449	1.497052409
4.183673469	-0.102040816	1.507490553
4.183673469	0.102040816	1.507490553
4.183673469	0.306122449	1.497052409
4.183673469	0.510204082	1.476393547
4.183673469	0.714285714	1.445944302
4.183673469	0.918367347	1.406338967
4.183673469	1.12244898	1.358402611
4.183673469	1.326530612	1.303133925
4.183673469	1.530612245	1.241684463
4.183673469	1.734693878	1.1753347
4.183673469	1.93877551	1.105467414
4.183673469	2.142857143	1.03353894
4.183673469	2.346938776	0.961048895
4.183673469	2.551020408	0.889509005
4.183673469	2.755102041	0.820411673
4.183673469	2.959183673	0.755198961
4.183673469	3.163265306	0.695232606
4.183673469	3.367346939	0.641765717
4.183673469	3.571428571	0.595916717
4.183673469	3.775510204	0.5586461
4.183673469	3.979591837	0.530736461
4.183673469	4.183673469	0.512776226
4.183673469	4.387755102	0.505147419
4.183673469	4.591836735	0.508017725
4.183673469	4.795918367	0.521336997
4.183673469	5	0.544838305
4.387755102	-5	0.71653266
4.387755102	-4.795918367	0.701488367
4.387755102	-4.591836735	0.692890116
4.387755102	-4.387755102	0.690906695
4.387755102	-4.183673469	0.695569813
4.387755102	-3.979591837	0.706773439
4.387755102	-3.775510204	0.724276008
4.387755102	-3.571428571	0.74770544
4.387755102	-3.367346939	0.776566882
4.387755102	-3.163265306	0.810252984
4.387755102	-2.959183673	0.848056536
4.387755102	-2.755102041	0.889185163
4.387755102	-2.551020408	0.932777801
4.387755102	-2.346938776	0.977922594
4.387755102	-2.142857143	1.023675852
4.387755102	-1.93877551	1.06908167
4.387755102	-1.734693878	1.113191798
4.387755102	-1.530612245	1.155085354
4.387755102	-1.326530612	1.19388797
4.387755102	-1.12244898	1.228789964
4.387755102	-0.918367347	1.259063179
4.387755102	-0.714285714	1.284076112
4.387755102	-0.510204082	1.303307051
4.387755102	-0.306122449	1.316354914
4.387755102	-0.102040816	1.322947587
4.387755102	0.102040816	1.322947587
4.387755102	0.306122449	1.316354914
4.387755102	0.510204082	1.303307051
4.387755102	0.714285714	1.284076112
4.387755102	0.918367347	1.259063179
4.387755102	1.12244898	1.228789964
4.387755102	1.326530612	1.19388797
4.387755102	1.530612245	1.155085354
4.387755102	1.734693878	1.113191798
4.387755102	1.93877551	1.06908167
4.387755102	2.142857143	1.023675852
4.387755102	2.346938776	0.977922594
4.387755102	2.551020408	0.932777801
4.387755102	2.755102041	0.889185163
4.387755102	2.959183673	0.848056536
4.387755102	3.163265306	0.810252984
4.387755102	3.367346939	0.776566882
4.387755102	3.571428571	0.74770544
4.387755102	3.775510204	0.724276008
4.387755102	3.979591837	0.706773439
4.387755102	4.183673469	0.695569813
4.387755102	4.387755102	0.690906695
4.387755102	4.591836735	0.692890116
4.387755102	4.795918367	0.701488367
4.387755102	5	0.71653266
4.591836735	-5	0.900472313
4.591836735	-4.795918367	0.894488703
4.591836735	-4.591836735	0.890948464
4.591836735	-4.387755102	0.889915235
4.591836735	-4.183673469	0.891400971
4.591836735	-3.979591837	0.895365695
4.591836735	-3.775510204	0.901718328
4.591836735	-3.571428571	0.910318581
4.591836735	-3.367346939	0.920979877
4.591836735	-3.163265306	0.933473223
4.591836735	-2.959183673	0.947531973
4.591836735	-2.755102041	0.962857373
4.591836735	-2.551020408	0.97912477
4.591836735	-2.346938776	0.995990359
4.591836735	-2.142857143	1.013098336
4.591836735	-1.93877551	1.030088288
4.591836735	-1.734693878	1.04660269
4.591836735	-1.530612245	1.062294335
4.591836735	-1.326530612	1.076833553
4.591836735	-1.12244898	1.089915065
4.591836735	-0.918367347	1.101264328
4.591836735	-0.714285714	1.110643242
4.591836735	-0.510204082	1.117855102
4.591836735	-0.306122449	1.122748685
4.591836735	-0.102040816	1.125221395
4.591836735	0.102040816	1.125221395
4.591836735	0.306122449	1.122748685
4.591836735	0.510204082	1.117855102
4.591836735	0.714285714	1.110643242
4.591836735	0.918367347	1.101264328
4.591836735	1.12244898	1.089915065
4.591836735	1.326530612	1.076833553
4.591836735	1.530612245	1.062294335
4.591836735	1.734693878	1.04660269
4.591836735	1.93877551	1.030088288
4.591836735	2.142857143	1.013098336
4.591836735	2.346938776	0.995990359
4.591836735	2.551020408	0.97912477
4.591836735	2.755102041	0.962857373
4.591836735	2.959183673	0.947531973
4.591836735	3.163265306	0.933473223
4.591836735	3.367346939	0.920979877
4.591836735	3.571428571	0.910318581
4.591836735	3.775510204	0.901718328
4.591836735	3.979591837	0.895365695
4.591836735	4.183673469	0.891400971
4.591836735	4.387755102	0.889915235
4.591836735	4.591836735	0.890948464
4.591836735	4.795918367	0.894488703
4.591836735	5	0.900472313
4.795918367	-5	1.089041872
4.795918367	-4.795918367	1.092346551
4.795918367	-4.591836735	1.093991382
4.795918367	-4.387755102	1.093932214
4.795918367	-4.183673469	1.092160752
4.795918367	-3.979591837	1.088704731
4.795918367	-3.775510204	1.08362734
4.795918367	-3.571428571	1.077025903
4.795918367	-3.367346939	1.069029864
4.795918367	-3.163265306	1.059798087
4.795918367	-2.959183673	1.049515563
4.795918367	-2.755102041	1.038389555
4.795918367	-2.551020408	1.026645297
4.795918367	-2.346938776	1.014521306
4.795918367	-2.142857143	1.002264428
4.795918367	-1.93877551	0.990124704
4.795918367	-1.734693878	0.978350171
4.795918367	-1.530612245	0.967181708
4.795918367	-1.326530612	0.956848029
4.795918367	-1.12244898	0.947560925
4.795918367	-0.918367347	0.939510864
4.795918367	-0.714285714	0.93286303
4.795918367	-0.510204082	0.92775389
4.795918367	-0.306122449	0.924288358
4.795918367	-0.102040816	0.92253761
4.795918367	0.102040816	0.92253761
4.795918367	0.306122449	0.924288358
4.795918367	0.510204082	0.92775389
4.795918367	0.714285714	0.93286303
4.795918367	0.918367347	0.939510864
4.795918367	1.12244898	0.947560925
4.795918367	1.326530612	0.956848029
4.795918367	1.530612245	0.967181708
4.795918367	1.734693878	0.978350171
4.795918367	1.93877551	0.990124704
4.795918367	2.142857143	1.002264428
4.795918367	2.346938776	1.014521306
4.795918367	2.551020408	1.026645297
4.795918367	2.755102041	1.038389555
4.795918367	2.959183673	1.049515563
4.795918367	3.163265306	1.059798087
4.795918367	3.367346939	1.069029864
4.795918367	3.571428571	1.077025903
4.795918367	3.775510204	1.08362734
4.795918367	3.979591837	1.088704731
4.795918367	4.183673469	1.092160752
4.795918367	4.387755102	1.093932214
4.795918367	4.591836735	1.093991382
4.795918367	4.795918367	1.092346551
4.795918367	5	1.089041872
5	-5	1.274434644
5	-4.795918367	1.286869708
5	-4.591836735	1.293611461
5	-4.387755102	1.294509794
5	-4.183673469	1.289536507
5	-3.979591837	1.278785898
5	-3.775510204	1.262472797
5	-3.571428571	1.240928105
5	-3.367346939	1.214591911
5	-3.163265306	1.184004348
5	-2.959183673	1.14979436
5	-2.755102041	1.112666628
5	-2.551020408	1.073386924
5	-2.346938776	1.032766187
5	-2.142857143	0.991643668
5	-1.93877551	0.950869483
5	-1.734693878	0.911286938
5	-1.530612245	0.873715
5	-1.326530612	0.838931272
5	-1.12244898	0.807655826
5	-0.918367347	0.780536237
5	-0.714285714	0.758134115
5	-0.510204082	0.740913437
5	-0.306122449	0.729230898
5	-0.102040816	0.723328493
5	0.102040816	0.723328493
5	0.306122449	0.729230898
5	0.510204082	0.740913437
5	0.714285714	0.758134115
5	0.918367347	0.780536237
5	1.12244898	0.807655826
5	1.326530612	0.838931272
5	1.530612245	0.873715
5	1.734693878	0.911286938
5	1.93877551	0.950869483
5	2.142857143	0.991643668
5	2.346938776	1.032766187
5	2.551020408	1.073386924
5	2.755102041	1.112666628
5	2.959183673	1.14979436
5	3.163265306	1.184004348
5	3.367346939	1.214591911
5	3.571428571	1.240928105
5	3.775510204	1.262472797
5	3.979591837	1.278785898
5	4.183673469	1.289536507
5	4.387755102	1.294509794
5	4.591836735	1.293611461
5	4.795918367	1.286869708
5	5	1.274434644
