1988.97506243365
1992.82700231798
2006.28683726579
1999.37444696094
2007.41993852946
1995.87902021025
2001.30339947962
2009.58276619477
1994.29289825803
2001.31352540842
1992.98827171089
1997.73401806033
2001.66229061784
1998.50235536325
2011.04914136926
2005.07678075452
1996.24759412542
2005.28288102678
1999.58302283773
2007.43671673666
1990.51043596890
1990.50100817863
2009.59229755153
2002.65171141367
1985.43940098233
1988.78166914650
2012.75040969536
2007.61313088665
2005.30375792995
2020.45639723663
1986.90331621258
1999.37840356480
2012.63712452134
2006.82359112846
2002.92039998186
2008.47970331306
2000.41347048873
2012.56823830910
2001.48523003694
2012.83610158073
1998.38150547802
2011.45988282768
1995.31934031068
1996.78626300580
2003.84251896127
2018.23084324768
2002.66935780557
1996.75806576273
1998.17423903027
2013.83805935632
1977.67859920712
2003.16259069814
1991.12196184691
1992.77081833647
2002.29895962532
1986.19916878924
2001.83107575420
2013.38352489835
1994.05695543830
1985.71932196020
1993.54601984081
2017.38124086873
2002.74506918121
2015.13876085755
1988.69913597067
2000.91338560065
1985.63440154991
1998.57795824510
1982.32649951791
1999.48383241721
2013.50821861179
2036.82064507897
1998.27486628849
1992.70774464185
2000.34081705571
2003.56522944347
2003.87450125206
2001.19229402422
2008.36534069276
1987.41713364832
1989.53035281911
1989.34194296563
2009.01410453007
1981.93662752590
1992.01781645014
2009.08578836049
1999.43880944372
2010.28378278874
2004.08199718051
1991.32960368549
1996.96596053429
1997.71842594877
1991.07009153242
1992.00752450695
2013.66031497062
1985.88533010851
2009.14796051835
2024.94572987822
1987.58022688788
2003.15790489298
1997.93677849098
2001.29886833491
1996.26003772313
2008.04393811060
2001.20002896781
2006.66342686458
1987.05052733522
2006.06341572936
2004.15261189369
1995.98860653007
2007.17607061838
1976.36987880294
1993.82876653697
1987.56627866906
2004.04342553668
1995.33713068211
2016.01981168188
2002.37336380246
1998.23002536068
1991.04116612101
2010.08333916916
1990.64637656389
2010.82784821720
1991.86845037893
1997.50164997467
2009.97670031155
2004.63838881671
2010.90367719349
1982.81781668986
2007.05462899295
1987.81247523118
2004.53601508136
2007.11798731007
2000.71086437696
2003.10516760702
2012.25318156689
2009.35000039574
1993.70445789777
1992.46038179945
1986.12089570963
2010.64465784248
2010.61603091578
2004.68286181553
2008.52044859973
2000.21425182205
2017.11467031629
1990.36240508904
2009.16733961749
1999.46293540371
2002.49544859898
1998.14600777380
2017.41534066763
1997.22215123404
1992.39267646826
2004.47083631851
1999.04132483185
2000.14391700953
2000.82571335536
1986.02533742095
1992.09128721960
1997.87774761448
1997.73375279881
2002.57168054069
1994.55053289548
1998.27727540606
1991.38540548357
1994.29713793417
1997.64251862843
1995.10870280989
1986.92328302308
2003.70928854017
2000.43825658761
2014.87176837178
2006.30555778033
2001.26069762083
2012.18069233303
2001.27272377069
2001.82379510971
1985.21235166067
2003.71363347254
1991.22302781028
1971.86512993470
2006.07694388970
2003.09219867971
1996.97340440518
2000.03484470523
1991.43941383951
1997.80078197778
1998.81155177235
2000.14130389453
1993.79863177732
1986.49277318993
2000.87675618779
1997.07305988888
1999.16972673204
1996.97417499285
1989.34287213873
1999.69624911208
2013.44284447228
1997.50426492500
1991.05683254581
2012.94517084252
1996.91722732671
2000.82432558735
1984.82240292098
2021.26422490457
2003.14313852744
1986.65587468081
2004.14969532775
2003.49688870113
1993.06868193417
1991.63002452583
1990.67976139751
2002.59554893584
2001.41359019969
2002.29953187006
2010.76220190977
2008.39984960848
1986.79471209784
2004.95052236583
1998.03906817439
1991.71785287977
1997.88184056068
2001.21940060588
2005.24642597271
1992.78840557626
2001.04764305085
2017.04153627369
2003.83579300584
2010.07250806844
1992.79819558386
2010.26362706644
2014.36094390593
2009.46291467862
1986.04185788311
2010.23015467582
2007.92594076468
1994.53732103197
2000.86783607494
2012.72849429907
2004.33206800560
1995.65798182813
1972.31458508457
1992.40450417457
1981.38951263839
2017.86094298321
1991.97468937216
1996.61710632517
1996.66960268340
1987.38981918625
1988.68040996171
1992.26392136699
1994.20107550296
2002.28117232074
2001.29670582105
2027.95438197528
2020.52611705688
1995.67704710483
1995.68930367056
1983.92170936910
2014.29340400133
2008.26343318667
2008.72360144761
2012.93927448290
2005.85528021248
1994.91890449637
2007.51243378794
1971.98890416554
1997.56716143532
1999.70250616787
1982.99998170332
1999.78205202105
2000.15389537066
2011.25717306239
2011.91910468469
2008.68399130208
2006.61374528454
1992.58334059043
1988.38561025705
2015.45196222870
2009.36849787338
2003.28215731278
2005.30988674184
2008.94096581043
2026.15998090631
2002.69787018438
2002.44648326181
2005.79029580632
1991.39896056932
2005.09692860393
2004.50497155295
1997.13253751582
2009.04000649908
1989.45027209910
2008.17931072635
1995.90971795064
1994.28060042029
1997.83424199690
1994.77159323813
2006.03199575885
2015.05938954378
1982.64778335137
1985.93145284146
2019.25600647822
1985.00027950240
1995.60131513048
1999.55431737943
2008.02842828330
2019.30536216030
2004.87847763152
1997.82016614753
1994.52185059241
2006.58367687823
1994.25429058748
2012.20742765513
2000.61915577625
1993.16017796764
2013.18894807297
2008.42459809018
2003.24809295808
1987.18408061558
1993.43912437420
2006.86722062294
2000.04713048854
2003.76327994105
1988.62409819637
1994.57051827879
2008.80633450147
2009.55768174096
2004.15228675240
2007.63468456070
1978.09949302020
2000.98487550000
1996.01819220329
2020.77593441488
2001.36049353266
1995.00694009477
2014.10216965215
1971.37955970414
2002.10596344308
1995.80768192961
1987.35883739464
1990.47974069526
2024.39800048105
1980.18573097534
1993.37787085410
1998.07480379856
1993.13713779839
2009.23655097547
2005.44925097914
1985.66400620495
1991.51886305620
2025.19448793658
2007.46956456401
2014.17865629856
1998.52013270164
2001.06046751983
1988.55984493812
1997.06293951352
2005.04642348735
1978.32075137705
1994.61757197116
2007.21402244712
1983.48996070832
2002.75988213958
2004.63071917944
1994.32520226444
1996.66571036826
2019.52574380534
2014.34014961249
1984.40988297675
1991.90258655562
2004.75529811762
1984.76076176860
2002.57702030455
2005.82678109381
1997.62712304118
2019.76380102799
1993.38524039118
1999.48735596996
2000.88563224266
2009.80703004697
1991.48762883717
2007.39933024300
2010.62117707204
1998.56196721003
2007.37877570942
2001.32386130714
1988.91071661661
2015.22816514475
2010.85460603472
2013.71756340510
2015.12461741173
2002.46070553436
1990.74703117579
1998.46489303768
2015.85529405320
2020.49977091996
2001.40730921753
1985.10406192460
1995.68164133905
2001.12544824467
2001.24629503073
2005.05207363078
1996.00533784385
2009.95587050294
2003.08345359994
2013.82234273685
2005.28618925777
2003.09941858555
1987.46647747840
1997.28709104474
2000.47747237787
1998.24338062731
1990.73809402133
2000.49160298149
1982.00206887096
2013.32337823437
1994.86184251626
1994.94288553864
1989.49750725529
1988.15281638821
1986.35315300859
2011.33186511341
1997.77728780124
1988.36306174321
1993.91447619238
2004.69372113650
1996.36538313318
1993.19672905319
1985.03776991697
1993.26769051452
2012.33091584682
2004.05073093237
1987.60605837919
2000.89547768676
1986.28952902822
2014.60918169278
2002.71803447223
1994.57073623519
1998.38135116209
2009.06951070901
1992.28199944995
1995.42324941184
1981.52311586214
2004.42302690449
2005.47398046406
1992.01197975286
1996.80205242978
2003.23997919093
1996.94117501392
1975.57558733198
1994.25976210010
2010.49527887820
1974.83740591344
2000.04885286183
1995.43293367902
2011.72972407370
2004.30649102712
2013.20861771621
1996.54954687799
2009.62306747887
1999.66717185970
1983.72960809200
2000.81286742708
1992.48051922593
1981.06525619784
2004.65090117440
2014.59011859631
1995.99681037940
2019.97692569185
2010.05838421973
1987.30705083483
2019.57513717406
2007.37664154851
1997.41734500390
1987.98492601302
1999.76604692146
2011.05016241357
2002.65443567884
2004.83724245108
2003.72574166883
2000.22073406563
1992.19793250226
1992.16037266249
1997.77179965352
2010.35919708831
2003.67343707192
1995.15268550280
2018.00214295656
1987.83046640786
2008.62849885745
1986.67637767579
2005.28529217948
2010.17865423357
1996.56820545567
1995.19356113462
2008.20060684256
2002.02442093568
2001.18727531538
2012.79904840828
1982.58038953366
2009.21782606539
2013.30208513126
2016.88967003937
2008.33954702639
2016.07504619058
2006.92777381706
1995.25961721054
1993.23454805579
1986.76672600685
1991.90260789947
2002.82411166115
1991.27722165262
2006.16142674316
2006.08999101495
2000.98116256591
2005.24208415446
2003.38179574834
2023.39218744015
2017.31781231959
2001.27525538345
2001.47368450664
1996.88233349048
1990.66024735153
2000.75648396460
2012.84627910669
1999.13081915020
2006.62582749868
2000.14654436430
1993.20255896607
1996.86328186579
1997.96994361873
1992.13200930818
1988.37318155432
1995.00746054177
1999.04134956344
2007.96889397481
2006.95317094441
1999.50833511489
1982.68867091032
2009.44032478292
1998.85432074503
1996.06737551998
1995.49787565310
1995.36969635856
1999.54520485685
1989.09060994281
1976.43622676835
1997.89279543097
1989.68552804711
1989.63496698505
1992.97645875064
2021.02164807613
1993.20565405148
2001.26873140027
2002.43056992802
2004.58793246953
1993.87211459988
1991.66052599336
2009.37950623698
1996.01629856464
1998.58952925975
1994.82871628940
1985.82628834324
1988.14235325082
2002.30163244341
1990.90928124875
1990.82398740146
2008.20523622997
1998.37078550386
2013.47869989676
1992.18458948637
2000.43743584332
2002.24570606851
2004.08738903467
1998.46682517377
1997.79510227661
2006.10576700116
2017.45069437853
1995.86477156234
1986.24396828800
2009.54676400271
2007.24802094119
2008.95873994223
1996.92020653259
1999.67663324850
2023.69824720862
2002.72643805142
2018.51223160994
1985.06040083774
2000.08474466890
1973.24541832919
2001.15734971822
1999.63485635594
2005.02128267217
2004.57724695002
2011.09925988362
2000.91637206501
1998.60116728775